5000
183
4244
484
1855
2698
175
3128
4787
615
312
4552
4048
101
185
663
3624
1567
4005
962
1673
3134
956
4572
1866
2684
2597
4679
4644
266
3995
2485
3152
3882
3837
2508
544
3742
1893
698
2291
2231
2559
4410
3256
2427
676
2285
475
2960
4276
777
4573
1895
3605
170
1367
1842
1830
1297
353
2246
783
1077
1858
2026
2544
3591
3864
1277
384
2874
244
3268
1420
4478
2580
4158
2979
3596
1373
798
3104
509
451
665
2175
1575
2463
645
3773
193
2271
9
4442
4430
3859
2470
4372
4054
4055
361
3750
2215
659
1165
626
188
2299
1997
3487
605
4747
4256
376
1450
4763
959
4224
811
131
4436
2548
4285
2397
1948
2488
1735
3192
3454
2225
3546
254
3709
4415
4394
4471
658
3317
3829
4477
668
3830
3863
1839
390
1291
904
3222
4321
4397
3521
379
719
87
1014
1063
2557
3752
1980
3464
3530
4775
371
3089
2785
3907
3887
4369
2611
4508
1477
3038
4331
1537
439
1835
217
4641
3001
2437
1083
4888
2272
2126
1943
2304
2503
4289
1142
2280
4361
2245
4882
1986
1942
4058
774
1670
2329
4942
785
2414
4470
3834
2911
4457
1734
4491
2407
1216
1316
113
894
2358
557
4176
634
3804
3768
1968
2212
2063
289
968
4447
2796
1409
4056
919
3231
440
2721
2251
754
1117
834
3095
4557
1690
4412
4778
1523
393
751
3329
128
601
252
4826
2594
2273
2446
3826
3670
1205
2738
2928
2064
2348
4349
2844
740
2400
3746
1281
3758
124
2191
3899
1022
3236
2884
2641
2128
1245
682
2656
4581
2619
548
2742
2152
1741
983
3948
4562
3485
1643
717
3232
82
1020
4553
1513
3656
4093
2643
2760
4175
1470
3611
3929
2022
2921
4693
182
1363
495
2275
1671
568
3417
3631
2009
3687
3074
143
726
1599
4320
1239
2365
3990
681
1519
1684
341
251
994
2972
4723
2603
2192
3727
4903
1402
4756
1471
2375
4227
3647
1446
1554
196
835
4876
4969
3221
1233
1455
2712
3901
3325
1688
4732
3245
448
1160
4569
190
3980
2770
885
936
1500
2396
3193
4236
1512
929
2623
4963
787
1791
2783
4971
2132
1857
4513
45
3148
2691
1123
1923
407
179
2962
1729
2870
3696
3564
269
2355
2857
1293
1819
878
2326
3450
2143
2648
757
3427
616
8
3989
3194
1417
3890
1949
3202
125
2500
3377
2800
4607
4493
1542
2693
106
4309
2252
4962
3582
1591
507
4696
3298
759
1413
3950
1676
1877
357
3814
2704
4995
368
3599
4462
112
358
3212
2563
301
2934
465
1856
4319
455
3110
2177
3807
1076
4199
3367
822
4204
519
1103
3936
896
1361
993
3189
3047
90
735
32
2425
793
2835
4257
1483
4856
3889
176
2871
273
3992
3214
453
3559
3502
1886
2787
1493
3376
3538
2536
1946
1927
1754
1837
807
818
586
1284
4338
3571
2321
3997
3365
3649
1427
391
4235
1778
17
4510
4333
1693
921
1834
1150
2682
3533
4671
3967
2413
1962
3207
1884
2186
258
2354
1337
4445
3643
3562
4386
4832
2850
973
517
4660
4657
4773
4060
1010
166
4764
2525
4483
480
3763
285
1016
4668
1137
3669
961
2047
2187
4915
2016
1415
1292
2561
1719
4873
3098
3352
506
1600
3158
3551
4984
4619
3921
2398
903
126
2809
233
3113
4820
4531
2936
2660
2520
2075
4735
239
911
3762
3489
4768
2885
4087
3702
180
2506
4004
2342
3067
3105
575
2816
1131
194
2840
443
1935
940
1506
4002
1017
22
3774
718
4481
3580
1647
4836
3269
2332
2111
4365
3971
3716
1423
1108
3096
298
4318
2726
2711
3583
2341
4458
1508
3061
1167
583
428
105
1799
1749
395
4520
308
2776
3894
1140
2449
2847
2312
3557
2788
4148
3874
3523
1343
3985
161
3418
4792
3241
4662
2461
4897
1631
705
651
1255
4221
4
762
26
3316
3674
800
3860
2629
3873
856
1038
2946
4126
2090
3109
3575
4570
2695
297
2851
2868
4889
4200
1145
4603
539
3517
4337
4793
4848
3499
3384
2518
3364
4278
4659
2387
1428
3712
97
2677
4248
158
4297
685
3308
563
3270
644
1146
1716
2226
3623
3275
542
1406
3537
2102
1797
2774
4519
3527
3411
1763
3197
2526
3713
319
2596
2653
36
3477
1335
1689
1067
474
3209
65
1299
2335
4305
4014
4106
4408
95
2898
4523
1212
2811
4613
4194
1954
3678
2219
3857
4065
3314
4988
3979
1309
3027
2706
4253
2740
4800
707
111
3407
2108
2404
1881
1496
1620
782
3276
3302
3811
4229
3002
3615
4344
1820
3701
1950
2167
4155
1565
4068
364
203
1938
4593
2834
4939
2060
4284
2344
3560
163
477
4649
4186
1027
2842
2926
3823
184
1960
452
4381
2261
2249
4724
1584
145
1612
1025
1880
4824
3532
3338
4208
1587
3341
1183
4113
103
2268
1655
4525
4626
2860
3944
4173
4185
2908
303
1327
3471
887
2599
1432
1121
1189
604
1311
2567
4039
1525
2769
260
4604
2975
478
4273
4846
2168
742
4528
2984
710
1399
2793
1270
2949
4124
850
1930
3920
1396
4028
2409
3638
1984
4752
4499
4781
1287
1151
1012
1422
4262
4920
4210
1268
3918
136
4417
1408
2665
3513
4656
4335
1909
4805
108
1365
2983
2145
1227
2296
3337
4414
2276
1129
2020
4243
457
4209
2220
3165
4803
1727
4295
2803
144
3934
4637
4018
1456
2432
3923
916
1487
996
1543
3008
4770
1070
1870
1385
535
2080
1582
4954
3667
939
4669
828
905
2287
1452
2588
4600
679
3028
3892
1126
3248
1341
1312
3665
4618
3345
1977
1920
2141
3790
1581
3754
1096
1009
4643
2468
1194
3520
3064
2565
1614
2369
1265
4986
3177
2153
2029
4546
2764
3070
1203
4627
1132
1048
2554
4275
4536
1476
4874
546
3861
3457
4398
1443
1296
4529
141
4437
2356
3866
3954
3603
3812
3474
761
3083
1725
3858
2040
1991
3969
1924
192
2790
4771
4640
4720
4375
3719
2235
1259
3321
3374
2932
1964
1831
594
3629
1262
3101
1522
4760
3634
296
1013
4079
3988
1382
555
801
2999
729
400
4134
3381
673
4813
3217
3707
696
3465
814
2474
2566
3755
1739
1371
4904
2133
4550
4025
3585
2945
3910
4023
3961
1068
349
1726
1722
3286
1744
3793
3494
2473
2036
954
3600
1597
3349
2204
3251
4115
1438
2572
2366
3808
3878
1747
2238
1657
4890
4512
3943
4064
2617
3182
4101
2228
1028
2208
2722
3751
1970
4164
4296
513
3759
4424
1210
2394
1458
191
636
4709
429
1718
3402
3469
4294
2854
2071
1541
2315
2156
4063
2971
4456
3573
235
3120
434
1234
1908
1505
915
4961
2493
2159
1526
3868
4180
3567
4475
1501
146
4389
2794
1861
3073
3065
3434
37
1086
1840
3960
908
3651
2689
114
3168
1827
3444
1894
4233
4219
1767
2330
2135
889
4881
3977
3119
2755
1087
558
2797
3956
1945
998
2452
1993
776
590
1231
837
1034
151
3926
1153
2674
3410
4041
3982
2807
189
2426
534
66
1640
1585
1491
657
3897
2244
1180
3294
1686
4411
2295
4324
4302
2472
3940
4737
96
3170
1122
3322
2631
77
3399
3266
3154
2378
3806
232
338
1898
1639
4196
3731
2609
1915
4076
3380
4663
1758
178
4683
4129
2441
1136
3891
1115
2019
4652
1252
3996
2376
265
3273
3999
1486
2017
2922
2300
4090
3263
1346
3556
3876
1538
3442
3369
4451
1273
3772
1128
2386
2424
1118
2234
1170
2649
2324
3661
559
3765
4317
518
431
436
1024
612
1846
3869
4638
2683
207
608
3353
2540
10
2853
404
3799
944
1310
3361
1929
3785
421
4711
3097
1873
4242
2657
425
1928
2517
2142
1987
4530
2581
734
3800
2455
963
2278
2645
4006
4804
4181
836
1659
1752
1788
1171
2775
3832
378
416
3789
4506
2694
2608
1785
3048
3267
3243
3242
1610
1380
4026
2182
2510
2360
483
574
650
4015
4501
4866
1043
381
2390
3479
2640
3496
561
1540
2114
1662
3963
1172
1381
1829
2957
1764
2990
4721
2059
2420
3784
3597
1817
4351
4566
426
1430
20
945
4000
4249
3683
2349
306
531
832
1454
1444
305
3059
500
4727
4749
2516
1865
581
2478
2207
3257
4539
810
2171
261
3472
692
4390
2827
2650
3514
1288
3976
1941
3333
2042
2347
2056
3693
2258
3852
2920
4933
3604
4704
438
3358
1896
2405
2447
5000
2416
1101
2393
499
3853
3441
4786
2155
3957
3244
2149
1976
3587
2705
3854
2028
1499
4691
1358
3164
1080
3717
695
463
4037
2046
4045
2044
3737
1933
1079
3845
2443
2010
1400
3531
1051
4998
4980
213
4081
1932
4589
3601
3816
2632
160
2110
2189
3655
3453
524
3846
3093
1066
3000
1228
1530
4443
7
2084
340
4782
288
3851
4588
2530
4355
1755
4024
2991
1188
4290
3831
2576
157
587
3205
2101
1511
2789
3300
1602
4551
2165
2137
3654
323
4174
2197
201
2012
3371
3006
1394
4714
1362
4021
3357
1187
2771
268
2094
1106
4616
599
4976
4484
84
2217
803
1326
449
4623
2379
1278
3213
4010
310
1732
4548
530
4011
1875
4395
3515
2598
2662
1280
1843
2965
4927
3017
181
3757
3637
2966
670
2669
2953
4380
2889
2622
3235
642
50
3033
4801
1660
2801
4009
3372
2823
1159
4205
1784
4717
2993
1561
1774
2859
445
624
2117
282
748
592
3659
1294
4894
3173
895
1658
53
1973
3204
3423
969
3274
1204
3016
3363
4538
3536
578
4718
3100
844
1553
3335
4027
4091
397
4212
2496
4926
4231
2969
1821
870
593
4416
2106
281
420
2450
2899
5
3146
1295
4544
3577
2547
693
3360
3053
3658
4413
2055
427
1825
603
881
4145
387
4183
1375
4247
494
275
4665
3433
4932
527
1606
382
3121
1425
2214
4964
4367
1301
4834
4794
2389
1313
4514
4130
4799
577
4078
1883
2528
2762
2018
907
2686
2322
4972
537
957
1532
799
3613
4816
873
1636
4907
1823
4849
2626
2098
94
3069
1937
1940
2940
3246
2913
4762
4100
2970
4802
414
4487
2822
912
4844
1705
3370
1260
2429
1632
470
874
3726
1550
3694
1826
551
329
4347
133
864
256
3766
4371
1473
1683
1302
1972
3389
202
1238
4945
2577
913
2223
348
2066
4033
1049
2033
724
4368
4753
990
1666
4453
1229
4872
4958
4251
2766
4017
1376
3685
2995
4162
3739
3448
1315
2162
4522
2610
3229
831
2627
1179
3056
2203
2161
3558
3843
2334
4288
1214
3007
1568
1401
4919
155
2282
2633
4051
1979
3449
1304
3075
892
1134
2882
4008
1832
2670
1905
1089
2748
2646
3419
2747
675
2877
4264
4521
4785
1811
3143
4823
4339
2985
4044
3145
1680
805
1890
3373
2732
1617
1390
4300
982
2933
3931
4692
4921
80
2210
446
4036
1195
703
2239
2377
2164
4034
504
4328
242
3512
1563
3797
1059
694
1698
1768
3619
3555
3437
3760
2826
3310
804
823
156
1250
4574
4630
1155
815
3003
1721
1963
646
1756
4476
4094
4582
2763
4910
3447
3315
1983
4959
771
3568
2418
2439
2074
4280
2247
508
704
2781
1882
2765
2408
1414
1622
40
1282
2492
1965
3721
4168
2069
3813
4232
1244
3077
4062
134
932
67
3511
4019
4594
2345
4845
2014
3405
3617
3395
2843
1256
1510
2564
2260
330
2305
1082
3548
3117
3076
4170
747
2673
1810
3900
4007
4428
2343
224
708
4071
4399
3902
3287
346
2824
3092
3330
3004
4392
2942
3563
4086
843
2615
1441
2333
2718
2915
4154
1917
2786
4918
4639
3366
2586
1248
173
2828
4466
1053
328
1998
540
4085
2802
3595
4340
3777
3340
2600
4748
582
4526
1144
1058
1609
3780
326
4047
51
1404
411
493
4191
2362
699
1359
2607
1429
1342
713
677
4978
2464
671
617
4948
2242
4387
262
3930
4591
2051
3734
560
59
3239
4486
572
1783
1828
104
3020
4559
4975
3905
4494
2758
3675
2491
1992
1110
3498
29
2381
3199
812
3157
2864
1809
2417
4515
3088
4083
1004
377
2007
4875
1851
1141
1002
3167
2973
209
4330
1266
1330
4827
3561
3488
4795
1202
1790
1349
922
2782
4230
3491
4586
1369
4852
274
4270
3607
978
1936
4769
1156
924
4182
4719
4057
2509
4377
127
3443
2916
107
2444
622
442
3815
2081
4516
3849
3552
2000
1451
1109
2266
3019
949
1498
3680
3359
4886
2912
2672
1572
2259
4587
2836
970
2817
313
1699
2043
2123
4925
3179
86
4356
4211
3993
1336
1090
2625
975
1504
633
3078
4862
2445
2181
4464
4495
4837
64
1439
2505
1576
2039
3428
2283
255
2810
154
186
2858
4097
4701
54
3795
1723
2031
2872
4303
4681
2522
2502
3035
2818
4798
3438
4670
989
584
3539
4254
4197
1247
2654
4070
3720
1736
4286
4418
4003
4172
2582
3309
505
4020
3543
4149
2636
2943
2483
3673
649
1862
4467
965
3099
1682
2338
3021
3388
3225
2728
4605
2462
1911
294
1674
738
1494
3161
4840
1019
1678
3185
1465
2988
85
3541
4446
3391
3951
1149
4908
2494
722
3733
1283
372
3841
4195
2671
2130
4783
3788
2997
2256
3289
858
1536
1175
2681
3401
3508
4650
1468
4343
2891
3463
2116
2456
1185
375
3941
3279
1269
1570
1177
2486
1780
3328
632
3679
4913
210
4923
1675
4165
3566
75
4935
464
2301
683
4549
1608
1796
1558
2930
1348
4119
3688
2907
2700
3912
4541
2086
3456
3094
3198
609
4252
2878
2484
228
299
4163
1618
2422
3883
4899
4578
2701
4645
3840
30
4629
2731
1334
19
1759
3297
1445
1323
1263
576
730
2867
3723
4420
93
4341
2419
355
3802
2316
845
1958
2533
2638
2205
3879
1
1463
4111
2729
4688
925
964
687
2702
3331
2154
2715
1988
4329
4646
4370
3005
3124
4099
2454
2129
770
4373
999
1447
4465
1225
2555
4739
4268
4505
3913
3824
538
481
3130
248
2107
1319
3313
2976
2388
1704
1645
3452
3046
3085
2384
4685
2527
917
1104
1703
3718
1559
1569
4189
374
3037
1169
4171
25
2392
1696
3621
741
206
4096
3480
42
41
4819
1416
92
866
21
4366
389
808
2469
1611
3343
2248
4046
2994
3550
1748
2543
4136
208
2412
2294
4497
4241
3301
2209
3620
4654
2688
3569
4797
344
2460
4362
2122
2989
68
3455
4293
3903
3781
1261
2571
4931
4934
4713
4767
3662
631
1621
1112
3528
2941
2147
1996
4808
3159
640
2757
2550
2466
1088
462
2879
570
394
2088
4216
1583
4580
222
2006
727
948
1746
497
2065
245
4690
4141
1072
4928
4667
4564
3272
3684
3295
4072
362
1192
4996
2221
24
450
4634
2194
2371
3937
48
2216
2359
3260
528
3082
4454
2085
4138
4507
3237
370
2489
1577
479
3747
971
4952
4982
859
3482
1001
240
2944
2157
1102
2037
4225
2481
737
3253
3425
2151
684
2134
2370
1484
4955
2923
3262
2558
3112
3015
1037
272
1619
2465
3691
4682
1162
3625
2476
2119
797
4615
3938
3586
1213
2743
1157
2327
3962
4459
891
986
3409
3404
2382
4811
3885
1135
1200
490
2909
278
1383
4488
1148
4213
872
4710
4648
69
1391
3255
4754
4059
1782
3764
3770
471
2331
2761
3435
406
2837
1801
3741
3385
1901
589
4979
1534
3084
4680
4987
2784
985
3216
2290
2160
4900
2002
4951
4596
2892
629
2062
1919
1717
2539
4214
1897
238
3327
3942
4664
2353
4993
4839
3187
4796
2737
4359
212
2323
4789
1868
3206
3672
2534
4327
3271
402
1035
352
2125
2475
1127
1627
661
1332
327
2140
2904
2103
1306
1403
1922
1616
2325
3690
2896
1813
1952
3156
447
3769
1107
2100
1806
1314
3706
3305
641
1208
2812
2050
2222
3296
4234
3974
385
2307
4694
3079
862
3973
817
3880
3710
291
1672
1168
1474
3493
4184
2118
1544
1464
1802
595
1601
2293
3867
498
4157
15
2368
2589
3776
2497
4716
229
4702
1479
3505
3817
1298
3408
1199
4496
1841
3282
2798
4310
4809
3293
1574
3215
4074
2511
621
4631
1395
806
1290
1201
3162
4384
115
195
886
2078
1139
1405
4187
1798
1000
3578
2411
3299
2170
638
1329
4095
280
3181
2820
2666
311
4965
1305
1630
3172
2048
1652
72
2910
2068
4272
3151
2158
339
276
4403
1885
4922
714
2514
1384
1595
955
4480
1518
3081
3516
4239
322
523
3666
4379
3641
473
2778
1495
277
565
4016
2188
1217
4177
4534
1492
4188
3180
4274
4223
3898
3160
356
3250
2888
4990
270
4117
3018
4279
1481
153
1411
3240
435
2756
286
2199
2257
2833
3429
2717
2410
3398
2352
2523
4260
4602
4524
598
1557
898
914
2099
1360
4504
672
4266
1847
1633
1803
88
3125
786
1912
2532
140
893
854
775
1700
852
868
816
3196
3478
2096
4740
3219
4658
159
198
4049
11
3123
4107
1057
4857
627
2109
4409
4936
1003
4957
1372
4405
432
2986
2593
1005
4896
4166
752
3057
1944
1685
2590
928
1033
4621
3801
1939
1743
1695
2955
927
4833
3526
746
2697
2730
2089
3576
3066
2659
2363
129
14
3735
418
44
1677
2195
1364
3622
4112
2542
1461
2613
1879
4774
1164
81
4555
2651
4363
3233
3421
3650
2894
3347
1521
283
1900
2057
3403
3714
2193
403
135
3904
1925
1918
1285
1555
2045
4314
2003
2467
3166
4299
690
4784
2146
4140
1765
686
2968
768
3681
2996
2661
119
1354
680
3725
3818
3664
2875
4880
3285
1878
2977
4108
2956
2560
4892
1975
3382
1815
2744
214
1539
1761
2852
2093
4755
304
102
1637
3058
1731
2265
553
1032
2628
4431
130
1434
4812
3728
3791
897
4123
3616
100
1808
2905
3589
773
2808
2433
3925
2495
935
383
3510
1514
4855
4092
3848
2269
1466
1166
3946
4565
1264
4423
4255
1615
4110
461
596
1459
2777
753
4282
678
3138
4981
2339
3939
1714
4050
4911
1040
1638
1951
1775
4441
2759
2229
1114
4636
2479
4407
3614
226
4246
1869
3509
972
43
1724
4860
1418
2308
1812
3414
1071
3184
118
1800
1340
4073
625
1853
4974
419
4422
4105
1377
3743
4821
789
3722
4895
1052
3026
197
602
4527
1036
3049
2328
325
4850
3137
2886
4151
3039
1985
2373
3111
1242
3839
1961
510
1816
250
2374
3917
2881
606
1730
369
3025
1388
142
4610
4697
1243
1120
3724
3052
664
1694
2169
409
1848
4759
933
4127
4585
792
2200
4999
3139
3114
4780
1957
1773
4131
2903
909
1560
1715
533
3387
1324
398
2519
3023
532
2831
230
3012
4912
3783
4376
2032
1793
1158
2173
177
882
1138
2618
2713
2070
3682
150
2901
4625
3642
2720
3819
784
666
4960
877
2727
4490
373
556
4240
4089
60
1488
3431
3652
2917
1528
3412
3497
3657
2849
1223
600
488
3686
4261
3928
2924
2839
1654
4350
697
1125
4461
3966
3692
1039
1711
4854
2687
653
4689
4725
1707
3740
2254
3486
4698
2095
2448
1015
3178
3406
1653
1604
1805
1593
3392
2987
2458
1669
2011
4973
350
4831
720
2498
401
263
3953
1353
1520
2361
98
2620
4992
1419
4673
995
4535
399
4937
2869
3191
4887
2795
386
3653
388
4132
1665
4053
49
2211
4601
630
1902
4035
756
1453
1913
2606
2845
454
4567
1760
78
1489
4829
4304
732
413
4865
1667
1485
3481
1934
1710
4066
2391
2897
4474
3676
1507
4736
813
1762
4651
2501
3190
840
4967
2819
34
3877
2719
2351
941
1475
1740
4791
1708
3107
3467
4031
3677
1990
1469
2442
871
4706
4750
1867
3063
2541
3927
74
4438
1386
405
417
503
3
550
73
2227
4818
3264
3144
4301
4120
219
3183
1709
424
1931
4357
2120
3218
354
4075
549
2714
2201
2061
2163
331
3810
2319
249
2772
3844
4077
1926
2583
4859
2805
4861
3699
236
2642
174
2176
1613
4810
3014
4708
2537
2198
211
3809
573
3484
1822
1663
2927
1257
4661
3466
4779
4139
1589
3570
1648
1246
930
855
1509
47
4851
4473
430
3972
2303
1435
1433
3462
4169
4871
1887
4941
4545
958
2459
408
3704
3881
1661
2739
4864
1356
4695
910
4703
2471
2395
1448
4599
809
1044
1173
1580
56
931
4218
2664
4114
4722
437
3796
3342
2753
980
520
167
1692
2906
2364
4729
2562
4503
760
1347
767
3473
2863
4032
4842
1092
147
2647
1605
122
723
4265
3581
3711
2601
4292
4989
2401
1366
4001
3468
2752
3779
2196
766
3893
4432
4133
1236
2725
2829
4571
547
3598
253
1956
1274
4700
4237
1152
4449
2236
4012
4924
1084
1431
2402
2004
4360
2861
3362
4761
4726
1596
2546
1190
4404
2825
415
880
1333
3324
597
715
2967
1026
1982
1687
4592
4267
623
1267
4966
2482
4893
4179
966
2179
711
4217
31
3135
3524
1211
3475
1776
1691
3318
1047
4122
2292
3955
1824
4402
4560
3142
4206
588
1222
487
3288
18
2512
869
1100
2138
1178
4830
1904
2440
4853
3150
347
1130
501
1603
1859
4666
967
2524
4135
788
2630
4532
2072
566
4777
3040
1078
1579
2575
2553
1215
2602
1119
1352
847
876
2451
259
3987
3660
4118
1642
187
2024
458
3689
721
514
3703
35
3639
1969
3383
1702
1548
2745
2751
3540
162
2054
1551
4322
1914
2848
423
332
2457
1074
1436
2346
2961
3574
1081
2925
1786
1814
3334
4178
3645
1235
1207
2336
1368
2311
3169
1771
3416
4198
2676
3588
879
4144
2206
849
4518
825
3350
2262
1061
3529
2281
1133
1060
4250
4766
3153
3644
3436
293
4022
1757
3390
3991
1069
4583
3855
4705
3606
884
2937
172
569
4434
4069
1787
1706
363
987
2707
733
3284
3964
1564
769
2124
4590
241
109
3612
4822
3459
3011
1916
1021
4929
4353
3186
4396
2545
2403
2614
169
689
1397
4877
1649
2077
1050
4098
4757
900
3312
819
234
2027
1272
934
1598
839
1668
287
3303
335
3102
1650
2172
4598
318
3368
2487
1240
1999
4352
4427
3249
2655
3220
1967
2264
2076
2105
4684
1398
3426
2838
826
2678
132
706
1556
1629
1008
3292
4776
4147
200
701
1065
3483
1994
3554
3379
3933
4052
3865
2736
960
4142
3432
579
755
2337
3122
3792
1766
3060
137
3319
2237
838
926
1055
4956
1646
264
709
4917
567
1737
1792
3281
3344
2981
1850
3697
1224
942
794
1378
3238
3984
857
2241
4498
3348
3163
83
4193
1777
2584
3010
2880
2001
4542
3825
1860
4576
4676
1818
2529
1833
3072
4743
2174
2097
138
2895
4038
4712
3663
1062
2723
2083
4291
1533
3445
1889
3626
1681
851
2692
2255
485
2978
2644
46
2733
4807
3924
164
466
321
2399
1226
4983
526
780
4909
3247
1966
3290
3136
70
225
1318
1045
4463
1888
2814
4606
976
515
3265
3351
1728
3828
820
3140
1085
2289
3355
4609
674
3034
3648
2754
3968
2804
2595
316
4707
302
4765
3339
4226
3396
2253
1075
1116
3042
2477
4084
3422
2699
2113
1872
3420
2735
2279
3413
3975
2667
3332
204
4543
4150
2357
4190
4109
307
1628
1641
3519
867
2190
2350
3888
218
1769
861
3632
1697
4758
1503
4901
1573
4883
1424
1186
1871
3668
2383
3043
171
4102
3872
1338
1524
4608
2038
2959
4843
1921
3803
2053
2604
1098
1852
3729
4943
433
1742
4167
1308
1955
1251
1995
3522
4674
2948
1457
4687
3915
1679
4354
2963
4554
4731
3932
4568
4563
2873
1795
3439
4452
923
4806
3753
875
3820
3736
4479
3633
3627
2980
1899
3875
1379
467
4686
476
2310
1023
4222
2025
4622
2658
2951
947
4841
3947
121
1590
3227
749
3091
2585
2428
4203
979
1482
2709
2768
16
3320
1407
1547
2992
1863
3705
444
2856
2306
3280
3254
4385
3283
1971
1046
988
1006
3945
1745
3856
246
3922
110
937
148
4104
2939
4699
4378
3354
2013
3949
62
918
3118
580
1056
4940
3386
4914
2680
4624
412
4440
1029
3050
2320
4991
652
2708
1249
3090
1176
3698
1392
52
1317
4728
821
731
4746
2023
2710
4346
2535
2902
351
3029
1196
3045
3171
2297
2569
2243
2821
12
3871
4382
3115
3756
4867
4425
334
3226
76
1437
3895
3986
4577
639
1623
4825
725
3490
4879
1147
1320
1182
2367
3749
3886
1350
647
4647
4715
2504
1426
3013
2862
1197
3147
3311
3126
4429
284
61
3794
396
3850
656
1770
865
4298
1978
3838
758
1644
4393
3430
365
4153
3592
3738
3176
324
1237
1303
743
4985
562
1241
2309
2570
3507
3572
4450
1892
4678
2663
333
4788
3786
997
116
637
3970
3106
4902
1527
4419
139
3211
3545
2865
2079
1325
489
3965
1876
2846
315
712
1331
778
860
2136
1779
3470
4633
3594
2521
3259
2515
2202
1947
1712
57
1953
2015
4885
227
3798
3534
662
950
4116
3671
1220
1198
3397
2914
511
3761
1094
1789
4677
3610
257
337
4790
4307
2318
3821
28
2685
946
610
1124
2415
750
2144
3201
4364
4332
3304
3998
1007
938
3440
4325
2340
27
2634
667
3230
790
2679
512
1271
4751
3336
688
613
4905
4137
1279
3911
3506
4930
492
4103
2091
4944
3884
795
1206
2637
765
1393
3132
4558
4492
2180
655
1219
3833
3959
4584
4342
1535
4283
2696
4597
3732
3492
2131
1586
1634
1099
3087
4970
3044
2313
2573
1562
2302
410
1191
3994
89
2263
1054
4029
4858
1321
3896
1635
4628
2406
4152
3822
3400
883
4013
1571
4326
359
1322
3141
3022
1218
4323
3695
4489
1111
220
13
2935
1449
4311
2453
536
3200
460
4238
2233
1594
336
2893
1230
4742
2286
267
38
2690
1300
3129
4030
3228
3291
1750
4316
2183
2380
2815
3608
4439
1389
4315
292
345
1370
4772
2890
317
2490
571
3252
3210
2950
2767
824
4675
1286
4215
2568
3346
1351
2750
4146
1163
4730
1515
1516
1091
4374
744
3862
3782
2030
4482
1254
3909
2876
3224
716
3628
468
2139
4192
3827
1374
4312
4949
1626
3009
4906
863
4287
4953
1276
1588
4121
4997
2929
619
4561
2021
2635
4202
4815
1357
3919
1864
4517
3051
3958
4632
1490
521
607
4946
4201
4435
3458
1713
2232
165
469
3870
2716
99
2724
3451
1517
4556
2579
3767
951
2507
3544
3415
2887
3307
314
4734
1307
2230
1161
360
320
2531
2552
1478
1042
216
3565
4485
2639
4653
4968
486
3981
237
1656
1154
3306
4847
1421
3708
3847
3071
290
231
2434
4433
2092
4835
4938
1181
2005
2224
1981
4358
2372
1578
953
4388
3590
1289
199
3525
564
2591
4277
491
4612
223
1184
3579
367
459
3261
3378
4635
4614
2250
745
554
243
3584
2703
3424
2883
366
3748
829
4263
1113
3356
4061
4042
2841
3730
2741
2314
1529
1221
3223
3195
1031
1546
4533
2317
2513
3155
4444
2288
2067
1845
1410
1073
1412
2431
2480
796
1844
2551
4511
4383
827
1552
2832
902
2423
3640
1440
4391
3036
4547
4595
3518
830
496
763
3055
2964
1838
3500
2734
4540
168
4245
4143
3476
2240
2082
3188
2616
3131
4744
4313
3375
2958
3326
4814
846
3116
4738
1545
2578
4745
58
1701
3278
3446
4870
899
2668
4345
2421
2277
1328
4400
3836
4080
2267
545
91
736
2435
728
3744
152
1193
3775
117
4348
1143
4156
2213
3542
4575
2900
2556
1355
2121
842
1903
2773
4733
3636
4817
3835
4977
4891
4884
1344
2799
4950
4469
2185
2436
3630
1174
1549
380
4067
1232
541
4088
3700
2112
441
779
2270
1738
3234
3495
3503
3547
4868
585
781
1095
2624
2612
4043
3916
1751
4281
3805
1472
342
2780
1209
3127
628
2
669
691
271
1093
2974
4579
502
791
1030
1836
802
522
2438
3609
3024
2166
2675
984
1891
2035
4617
2058
3535
1625
906
853
205
1664
3175
123
2430
901
620
1064
4228
1854
2218
2298
482
2621
3952
1720
1566
552
221
890
1794
3032
1959
4838
1733
2284
614
702
4207
2178
4421
516
4869
643
1041
1807
1849
1275
3208
1907
4620
2184
2104
992
71
4537
4128
23
63
591
4406
1105
4500
2947
4863
1253
3553
974
3983
833
4308
1772
3914
4468
3277
4994
920
3108
3133
4828
3174
2034
295
2830
4642
648
3062
3602
654
120
33
2150
841
4878
1989
4336
4258
4271
343
4741
3593
981
1651
543
4898
635
247
525
4448
2127
3103
2792
3041
472
4269
2652
3978
2746
1910
529
3030
2749
4259
2499
2866
4160
300
4159
2954
1462
3080
39
2982
3393
3771
149
279
611
3394
3618
1018
848
1258
764
772
1502
456
952
3715
1480
3842
1906
977
3086
660
2998
4947
4455
3778
3031
2919
3787
1531
2813
4220
2087
4125
392
79
1460
3501
2148
4306
1607
2791
2008
2274
309
3935
2952
3504
2938
4401
6
422
1339
1345
4509
4672
2538
4916
2779
3549
2574
1467
1753
4082
215
2931
2549
1097
4460
1624
1804
1497
1442
3745
888
2049
3258
2115
3203
1974
2073
2587
4334
2385
2806
4161
4502
943
2592
2855
3646
3635
4472
991
618
4655
4611
3149
2052
3906
3461
2041
3054
1781
4426
1874
55
3460
3068
739
1011
2918
3908
1592
3323
4040
1387
700
2605
