500
92
13
459
439
474
151
303
489
46
287
441
143
182
43
235
200
470
463
351
369
425
157
227
20
56
455
138
250
113
245
488
251
82
90
69
193
156
249
57
36
472
277
87
191
77
155
171
180
300
7
261
478
75
190
161
363
17
444
141
460
169
24
49
18
140
102
96
94
110
384
178
337
371
239
220
64
341
10
388
365
14
28
465
404
349
344
372
274
389
232
415
231
121
495
296
368
407
219
336
406
288
175
315
45
325
204
436
228
445
448
39
212
313
276
67
63
383
172
44
120
224
396
168
268
185
286
411
291
166
486
295
260
418
345
262
381
356
395
498
206
310
41
312
23
452
119
347
164
305
403
222
128
263
105
25
186
234
126
53
357
233
450
376
473
405
73
29
431
199
461
158
370
494
265
31
160
215
294
174
456
107
499
401
42
426
99
109
254
211
61
133
149
248
9
244
11
375
284
256
373
15
314
419
79
68
264
104
116
259
491
420
339
131
366
19
377
184
198
454
285
340
271
203
471
352
70
442
385
202
86
214
221
386
226
421
85
115
80
476
320
282
423
304
324
125
380
54
165
485
348
326
72
159
387
430
189
188
333
106
26
318
194
59
382
438
35
358
359
466
135
196
362
434
331
237
281
414
243
469
269
477
197
139
307
130
289
114
427
299
145
146
236
108
97
58
217
118
123
65
447
451
50
81
30
278
187
464
360
353
493
170
40
207
272
487
270
400
433
330
410
247
129
328
467
38
201
16
275
435
150
32
100
136
195
3
475
91
258
183
397
327
266
453
163
402
48
319
443
458
497
1
181
137
267
8
480
21
321
117
208
391
4
437
378
399
468
449
255
424
95
111
148
302
393
398
482
210
343
323
74
306
394
490
483
154
416
342
134
297
216
346
293
408
290
238
301
240
98
364
213
279
205
316
192
173
218
132
51
428
355
223
78
242
147
47
76
322
496
6
83
230
329
52
34
429
152
229
101
225
71
253
390
298
127
246
209
334
354
392
176
338
257
93
412
292
335
177
5
55
273
308
60
379
422
112
66
144
122
417
374
479
37
492
283
89
252
88
432
361
84
12
2
124
367
33
311
317
280
481
153
409
440
484
62
457
142
309
22
446
27
462
167
332
413
350
103
179
500
241
162
