1000
761
161
434
492
837
574
429
215
515
230
60
658
333
135
717
968
258
974
363
750
676
534
412
295
997
56
823
499
881
71
921
9
231
502
13
165
872
38
479
208
326
874
727
450
950
617
144
824
751
685
72
306
353
644
445
984
943
471
563
809
829
156
89
722
970
286
1
630
527
688
636
472
486
500
868
292
136
526
77
994
752
503
159
810
594
806
203
697
629
117
22
517
893
855
775
341
601
264
766
197
406
489
20
528
227
684
462
522
454
814
632
999
989
51
24
714
179
861
768
890
871
385
23
349
493
339
575
160
597
603
108
386
757
737
187
975
699
992
200
343
50
422
335
241
719
678
88
216
561
461
328
300
166
911
610
732
650
832
664
64
780
793
252
345
35
132
191
198
560
765
712
192
808
599
403
622
693
570
501
109
121
547
937
641
657
982
163
418
323
316
369
261
138
953
728
5
305
788
240
834
673
36
456
158
523
638
530
419
951
147
170
931
67
358
918
235
888
31
660
991
800
318
886
314
119
504
371
966
469
802
683
680
103
607
815
140
786
582
311
39
229
400
718
205
583
112
27
920
331
635
126
83
100
795
613
106
885
102
653
484
866
512
45
190
247
749
354
976
537
904
275
453
480
48
297
679
201
539
448
753
651
577
758
368
319
713
396
304
93
773
662
977
99
907
600
211
669
467
11
701
185
887
860
716
214
926
762
643
98
28
78
897
598
639
733
294
433
689
384
421
307
8
936
63
33
715
155
803
234
745
980
978
457
282
249
849
149
69
320
956
899
682
572
97
862
79
659
819
199
507
634
120
59
812
330
394
972
835
790
219
573
549
221
417
355
566
416
961
317
321
529
21
670
459
958
290
947
478
248
998
133
425
764
26
312
474
791
303
590
535
380
236
696
620
555
902
373
260
637
180
62
988
785
755
12
721
116
250
979
17
232
226
452
114
859
239
778
844
202
81
475
217
427
843
782
168
405
118
846
973
46
209
548
508
298
204
351
591
415
896
624
424
289
267
407
565
357
619
14
593
779
375
365
934
957
852
929
935
440
914
32
853
460
34
436
772
891
483
738
506
672
710
410
505
347
42
327
127
408
616
55
663
734
933
137
532
399
356
848
113
692
983
681
971
212
941
1000
359
938
822
910
438
148
804
154
842
854
348
398
645
2
519
857
329
553
612
206
962
798
912
30
702
29
334
172
352
293
521
129
511
567
708
939
589
769
302
268
995
763
324
449
625
905
278
96
694
930
924
455
414
569
545
771
520
580
370
720
451
882
592
443
940
74
792
308
104
828
827
606
754
497
437
856
863
949
15
47
960
621
279
544
184
945
784
903
725
550
944
666
366
652
169
986
894
587
731
167
157
70
965
952
162
25
426
724
53
985
313
296
458
75
344
409
54
883
781
411
801
677
783
111
588
131
270
614
7
747
510
826
218
58
833
654
182
895
263
395
193
925
336
709
262
173
90
870
37
990
640
932
189
875
797
627
581
796
494
101
605
865
402
799
413
3
959
993
382
224
139
40
909
578
470
174
432
195
44
551
18
420
830
609
340
68
615
877
981
107
595
558
969
210
277
777
850
130
711
276
393
301
691
242
498
361
898
92
496
556
604
463
364
513
466
178
377
746
542
840
858
447
476
325
568
820
647
482
444
374
880
254
546
818
488
729
876
656
756
726
387
524
707
642
908
608
291
963
841
372
536
49
367
873
743
272
143
66
85
284
648
770
82
704
661
948
562
141
360
811
667
805
631
884
671
86
730
257
73
584
379
538
245
124
392
742
222
84
759
821
518
43
80
586
901
223
623
579
388
243
350
401
900
514
776
177
942
927
964
807
706
540
838
404
739
674
571
342
735
892
700
52
789
851
813
225
285
869
95
251
4
188
954
238
767
65
878
233
668
19
705
430
487
723
825
698
338
151
889
557
57
439
271
91
171
391
246
128
41
525
554
253
332
288
611
906
741
390
381
740
736
397
649
917
181
787
115
618
134
255
309
468
273
585
299
690
228
913
744
346
164
431
576
196
142
122
839
383
256
543
509
281
207
186
864
541
533
774
967
287
94
244
315
274
464
423
602
446
916
817
987
490
435
123
485
596
266
867
495
646
146
564
946
703
125
376
389
269
879
955
516
194
465
310
10
686
428
105
655
283
996
477
378
87
153
220
337
831
473
183
847
923
175
915
919
145
748
687
491
928
280
150
922
628
16
76
695
633
265
794
362
442
675
61
816
176
559
760
213
626
836
665
441
152
237
481
6
259
531
110
322
552
845
