10000
7943
4287
8034
2320
7598
8972
3734
7987
8597
2834
4306
8336
1891
5760
7892
9989
1621
3139
9899
6589
7989
9208
9910
8529
164
9617
2441
2902
5409
5649
8209
5619
8080
2872
4232
2261
2480
7468
5978
4253
5421
7102
5196
3607
3042
4028
2172
6826
6672
5595
6889
7084
5842
147
8657
4998
3111
714
6839
6178
5875
7375
6970
5365
3613
1354
2584
7001
7418
95
6225
9436
1713
2242
1508
177
6394
1940
215
9698
6655
2655
1045
3550
3062
6271
5157
9731
9941
4336
5397
1998
9800
6960
4530
8865
3023
6347
607
788
4785
7168
3161
1985
594
3269
7586
6911
7857
8965
589
2752
4163
9585
7058
5832
9027
4755
2425
350
4976
2351
858
6188
9182
3185
8170
7281
8533
1220
2419
1747
8448
7364
5886
1157
7879
5218
6137
3041
1545
3405
2626
7521
2811
81
903
8852
3732
4862
4992
4267
1671
7691
771
1995
6160
6557
9759
6817
8975
7733
2016
4061
4167
187
6520
8737
9664
3950
3886
1042
4153
3355
3492
5158
8999
8164
4816
6543
1909
4421
2472
6629
5402
1352
3542
8930
4474
5738
3189
9859
9709
1309
3599
4905
7154
7223
6657
2962
6765
5079
233
1455
806
6803
6549
532
8008
2688
6355
8440
7830
7474
4013
4970
7433
2142
5803
4824
5641
2325
5186
4868
3711
8161
7711
2547
5362
9808
2010
3260
6727
3211
3717
742
7150
4735
12
2536
1948
8126
437
6808
2964
3199
2666
6552
1837
5723
5929
573
3871
4931
8240
3976
3814
4093
3614
8549
3321
6620
1593
4769
597
2841
7717
661
5995
7123
4121
1043
4325
262
1324
8627
8322
243
508
3126
3061
9441
3981
5152
8098
3725
1639
934
6305
2067
6400
7621
6073
7973
9982
5284
5119
697
3297
6440
2956
9814
4033
6580
7298
7370
3048
5675
6504
9154
5737
1681
7265
4850
5193
4126
5822
9303
1725
4725
9553
9507
4710
8939
6430
815
784
6651
2453
7406
5469
8783
9722
9576
1588
1270
3860
2001
769
6203
8371
894
2953
3490
354
1299
9481
6822
9177
3425
2810
1831
1908
7389
747
5095
6350
5441
5974
6193
6880
6357
8211
9322
8827
7174
477
7198
6009
9411
511
9950
9909
9173
8851
9632
7479
886
9976
6377
9109
5240
6605
3789
8492
856
1234
2868
6947
6395
6678
7466
4926
5879
1390
8361
345
9366
3631
860
7443
2439
796
6743
496
235
1013
1115
9463
2072
6299
2891
2469
6683
6921
9385
1608
6008
8407
4694
4536
227
8219
4531
9634
3299
585
655
4055
7995
2465
5378
5089
8083
5941
2095
332
9564
8012
2154
8381
9447
3856
3985
4445
1014
538
1050
4968
8384
1708
3650
8106
2784
3829
8602
2873
6715
4090
9525
8946
9105
2226
1064
9316
926
4966
6639
9663
984
4201
9352
1342
8026
1321
8996
6278
8966
973
3252
6237
299
9851
1643
8707
9110
606
401
4509
3914
2816
3573
8300
1640
9145
3537
8699
9075
4004
9557
8727
6988
2614
930
4524
1584
26
3120
1430
5195
9084
8973
5429
8166
7343
750
9065
4797
3358
7510
8684
7658
6814
1195
4935
4871
7982
5174
3461
3082
3920
7027
3594
9865
4403
7403
486
8544
7158
8994
1879
9992
6975
657
4579
7463
8461
521
3803
4097
4823
5307
6088
2687
9465
612
4482
3605
1946
123
2725
5093
4338
5511
9147
7276
7577
3481
8708
7381
2707
1133
1417
7977
1863
8848
5012
7862
5361
2479
6309
18
7865
7072
4977
6559
876
7057
9114
9940
5678
5256
8504
3901
3442
8888
2255
8131
3345
3207
543
9601
8341
2318
726
6080
3881
2859
1673
4762
4981
4054
3864
9332
9607
7448
6805
1273
3086
8110
5009
2483
8820
5274
7616
759
5807
5329
2568
6222
6569
3168
981
5622
9202
319
7876
7441
9969
3323
1939
5920
7098
2321
600
1475
481
4761
372
6248
9297
1712
985
3401
9440
621
4540
5826
3175
7310
5225
7582
8519
7591
284
1782
6868
9755
1882
9652
8615
1412
444
9167
5205
1540
7926
4155
3339
2083
8443
3817
3206
9786
51
9406
8340
6646
8460
6202
6458
275
7542
5401
1316
6719
5815
2672
7126
4193
8396
4642
5700
1381
9843
8971
1664
8691
2349
5985
2222
2900
1421
7848
7395
3508
6534
6373
7579
3385
9168
7009
2978
7969
1551
6502
1984
7751
6899
4283
2533
3040
4787
5468
4127
3343
216
285
359
1769
6885
9488
3643
5481
185
5112
3611
716
8822
8305
846
7215
311
4051
4565
4611
8405
8193
4188
4946
7147
8408
6291
9893
2045
8743
3516
6695
83
1521
9195
7881
4884
6390
4000
3743
5124
6268
1970
1910
7555
5155
6290
7753
1334
4649
2563
7453
3015
7354
9739
7293
4175
4872
7548
7817
388
8136
192
8087
5396
1957
5031
7961
5845
2776
1840
5575
197
8839
6596
4985
2744
9925
7487
1657
887
5424
6231
9702
4585
3532
2694
4353
5335
5282
2368
1052
7676
7309
2717
8905
3271
6047
9683
547
9797
8174
7843
8503
8541
4766
7887
9500
4138
5183
4043
1953
3564
8643
1781
1654
7692
467
8540
8630
3075
7523
2791
6978
2635
3843
6283
46
238
3842
3200
1728
282
2644
4387
484
4459
8159
9789
5685
678
7493
7837
1846
666
1900
7690
5423
8318
7825
9592
1959
7148
9962
560
8771
1499
7348
951
7719
7306
4310
9314
1292
5914
6025
8372
3705
537
7471
4206
8593
445
8147
8861
6680
1524
9285
6339
3431
2053
5973
4993
239
4169
9430
990
3999
298
1958
9235
2100
2458
958
9127
3287
4039
7442
699
5821
7637
5955
4281
1145
3560
7933
4260
4623
3174
4426
1912
6442
4724
5727
4529
1748
9450
2869
137
7235
5491
3222
4948
8455
2111
8798
5071
849
8681
5391
2407
3365
9080
9813
2500
5291
9798
5018
8010
3013
9292
250
4379
9930
2476
1303
2410
5788
6928
2433
2035
1010
6236
5950
3947
86
4087
2681
8236
9620
737
5056
9252
4500
9360
9081
9312
9594
3685
7128
5545
7793
5383
8277
9879
9229
5676
122
5333
5761
1793
8690
9398
5136
2984
305
8142
1445
5764
2912
3672
9897
3704
1802
3473
7384
1860
2601
203
4861
7895
184
1069
8899
9206
1023
1705
2817
9844
8426
5393
5547
2359
3104
5070
3190
3421
6363
6401
8969
5269
823
6918
6399
242
5991
5934
2068
7508
3022
2555
525
5259
7314
4164
6902
6745
7104
3441
4599
4484
6562
5120
9846
563
4413
7870
955
1843
7488
8663
9784
7258
8964
9328
5570
3800
1033
5234
2498
133
6066
5048
3371
1674
5794
1496
7889
7345
4044
963
2061
8920
4620
2328
2322
1456
7165
3069
847
4012
8846
3955
5836
7988
3933
2062
4996
6415
1389
8258
4980
8617
5540
7428
3757
6230
1889
5150
7451
5532
8991
937
3092
158
9350
3558
1811
8435
4780
1603
6621
2210
2385
8467
4330
2386
6263
6049
8323
4114
8889
2490
1509
4518
7611
4183
6450
2009
1915
6656
7476
6204
8058
9860
3210
9734
9216
4550
4644
4650
6154
9010
1504
6076
3679
5734
1555
1428
979
2102
1916
251
7959
9449
5602
7919
4439
5860
9374
6034
6210
5253
6609
1488
498
5381
1247
2803
3595
217
7175
4685
2675
2447
3328
9838
6368
2894
1981
7594
8363
8285
7485
8836
8537
7899
4200
9484
4450
7437
2719
5586
5116
7570
5117
1073
5370
4473
2179
9528
4301
4352
9929
7141
1847
7465
8559
7221
8934
9997
9944
5477
2365
7792
1492
7660
3188
3090
8870
5014
6354
4875
1548
6555
9839
9269
2605
9973
3988
7506
2353
1306
9060
7705
4911
4776
300
1368
7409
7359
6082
7412
6369
9651
3586
6376
4869
3332
9111
178
409
2532
2761
410
5226
9883
7667
9296
2715
8134
5371
3968
386
7840
2239
7940
7048
8480
433
4636
6524
4738
4154
4570
82
1350
330
5694
485
9172
1459
8107
6790
5302
1226
6862
1815
3529
9611
8687
7217
4428
4037
7376
8066
8038
892
6352
4613
7180
1624
1550
93
7826
9058
1495
6006
2430
4698
4314
5051
6020
1935
8637
6214
4388
3903
3316
998
6618
4535
1737
7820
8261
1272
7024
8477
9937
6321
3052
6619
9661
4119
9077
4294
603
4056
2219
1934
8921
1372
1087
8498
4825
6645
8473
669
2599
156
9085
8189
2108
506
4479
4007
9523
977
2265
1084
8819
1497
2112
1452
1930
9351
8129
1841
4809
5909
587
5062
2473
1410
2915
4831
1773
9049
1547
6087
6294
2508
8762
1044
6581
779
140
6198
245
4116
7368
2342
9222
4021
2128
4399
5499
1822
8850
9242
7689
4576
5728
8350
1821
8740
8520
844
6734
1370
6675
712
2137
9665
3919
8311
853
112
5946
1667
6155
931
2271
4240
3114
3030
713
8130
9824
2865
9419
1614
6717
7091
4672
8386
4821
165
3397
9466
5404
2856
7340
5028
6072
5611
6110
8357
3606
4882
5479
8633
1371
3642
5118
9908
7269
1884
6789
1622
567
2624
2429
3880
1834
7320
9619
939
4098
5475
1191
9561
1749
8554
4523
8178
6316
4082
5251
8118
8577
710
4528
9121
3700
4390
5418
8607
1589
214
7573
1414
2199
1973
4222
686
5147
3129
2356
8172
4499
1477
9022
398
9531
1441
5608
8779
8764
7212
6389
7484
3083
5793
2331
6505
4775
5603
1487
1385
4461
5086
7748
8706
2929
4356
8960
4324
1214
3011
6610
577
1896
3020
5664
5732
8145
7742
9042
157
309
8664
4211
159
4223
6425
9175
1875
9614
1481
914
6257
2589
475
873
4270
1327
4726
2818
5905
9293
2835
457
2992
3249
3306
978
824
5463
5651
2507
5758
9968
9453
6223
3398
9378
3204
8376
2216
3241
2296
8094
5625
5841
271
6421
9321
866
4826
7763
6103
7462
6594
9345
9546
9919
1076
8677
5731
6522
9146
7949
3131
1199
7553
7416
861
8962
1972
7888
4371
904
2593
5238
4255
5286
9599
8249
4339
5696
1318
1005
5345
5276
763
1529
5554
8432
6267
310
6095
9309
1333
6102
2408
1757
9966
9567
1281
5869
3025
8119
2560
2301
2768
7947
8177
808
5336
3374
3393
2347
3435
6018
5254
6702
7554
7650
3616
3574
8022
3123
1006
3748
989
9136
8713
9707
4974
1788
7576
1754
8751
1893
3115
89
9140
4818
1653
8728
5850
7440
7131
4323
8590
7679
8638
3840
4139
479
2804
6433
4100
855
5834
5135
7697
6387
6792
3548
1395
1242
7893
1866
7811
5658
19
7649
55
9001
2246
1512
9584
2213
9983
2958
2661
2047
2701
7351
4808
7883
9887
3071
4628
9829
633
6535
4494
1159
1349
6041
7584
4756
4741
859
4072
9007
8383
8002
2422
561
3724
5659
9752
3264
4940
366
2822
9588
2005
166
3619
2115
2201
3746
3546
9679
8445
7311
9045
8625
9949
3571
5026
881
1740
3196
6836
1345
9517
7831
3078
9823
8188
5161
2602
7984
8068
7210
6985
9680
5537
114
2883
3810
864
9689
11
6123
3376
4099
8672
3288
2700
8745
2292
5242
3625
1034
536
1374
8011
1212
5142
3511
9359
8071
7612
489
5001
9578
6548
7266
6677
9348
5461
170
5339
8244
2722
4919
1375
2043
7426
945
518
304
1751
3066
2648
7274
320
4271
35
6045
1482
6055
3718
8862
3796
5275
6945
2159
1020
3263
609
4819
3773
871
7663
5668
6747
3795
6741
1565
3194
6426
1092
4074
38
2875
2504
642
9549
6379
3906
2223
9891
4556
6443
2972
7782
4397
4045
3399
431
7905
9770
549
2780
2758
9750
7144
7208
9864
2528
4900
1393
5670
555
1132
196
7238
1731
9122
7791
5372
4748
5621
6105
6183
1075
228
542
2399
9516
232
1716
9336
1690
2539
7447
1340
274
3408
9443
5313
3845
4813
882
3861
6740
3660
4254
3315
670
6956
9330
5650
7643
5935
5137
6654
2862
1926
1331
7810
9003
7229
4641
1833
7761
3647
6144
7295
8251
8204
3218
9458
2703
7231
1163
5053
8293
9200
2663
6732
7629
4202
3635
7455
8090
7838
1204
3965
4060
2290
9153
3793
4422
5811
4598
8922
1051
1126
5648
280
836
3500
7097
4312
553
7684
3300
533
7054
5127
6146
8741
1733
4157
8231
7854
1786
9728
791
2702
7242
28
5757
9152
9144
8029
9963
49
9990
5813
5618
241
3142
8961
5454
7673
5896
604
9468
6012
9074
8715
814
2723
653
5348
4317
9247
2283
9367
7195
6840
2459
4774
1724
8881
5403
7243
7077
5904
5818
8566
5496
3256
562
6474
4961
6275
5730
3488
66
145
658
5683
1869
193
9658
3375
3443
2729
4358
1569
7728
9380
1997
7898
2781
7121
5184
7365
592
4204
4344
9423
6964
4112
3446
4280
7018
7327
3494
5883
6967
8931
5379
9568
1904
9401
3898
2934
2660
4893
1343
9442
9662
3527
6306
5566
9399
6699
4225
5267
200
9558
9198
8208
3502
3454
3982
7257
7040
1824
3423
2417
8284
1240
6849
6360
5163
8366
4078
8842
8067
3125
9816
3029
2060
5917
5881
9119
2948
8241
6067
5958
1439
6111
1394
3770
3593
9444
2126
3855
8024
7908
5660
773
6314
9015
7918
2653
78
7076
5347
368
1937
5767
5555
3325
878
3924
7610
6592
2132
6307
470
5453
1692
7790
5363
8508
1655
7014
9686
1649
3058
6385
3493
5747
8570
7935
9748
1101
8785
8945
9474
3046
3547
3801
3626
189
2357
6983
3087
7801
3008
1486
5011
8040
4134
8697
5500
980
1063
6179
4105
7639
5972
6343
8522
3038
7142
3518
501
4995
2470
9875
1323
7410
6211
7264
6832
6058
1301
6870
1291
3159
8841
6424
2270
5016
290
6570
6370
5265
6905
8456
4822
2826
7662
8406
1638
8586
7236
1678
9790
6165
2656
5482
5885
715
6927
5413
3391
8015
2649
2774
2846
5004
3357
7626
7328
7139
435
8138
6744
8712
6667
8735
2211
5521
9539
4478
4181
1170
8609
6166
9213
8979
6635
4244
323
2448
7716
9101
9723
5544
5873
5452
4917
2438
4595
2341
2699
9915
495
453
6577
5407
3655
4890
1738
4348
2808
809
9706
2032
9888
4236
7280
6533
2611
1543
3056
3081
5527
7530
5015
2901
5478
5992
5219
2170
6413
8752
1897
8856
9646
5400
5741
1149
1813
7118
2428
4587
6725
8278
7394
7034
7653
5939
5027
3515
3476
2968
5394
8146
1762
7056
4786
8758
8411
9038
3055
9751
6648
8666
2180
58
3191
6090
5928
264
9199
7214
4677
5806
4177
7580
2583
782
9272
3967
3181
1522
4308
7033
6398
1438
1255
111
6795
7500
7930
5781
22
7134
3035
9394
3562
7149
4956
2887
6495
3977
7721
8866
5609
9414
3360
6613
5207
3203
5325
662
3665
7477
7834
4333
5151
5222
2173
6588
9529
8470
3074
7779
9033
9008
6968
5591
8823
7070
505
6420
1568
8409
7520
4578
9628
8018
895
2944
3535
3277
974
3018
6510
1924
1951
8132
5765
4544
2474
2358
9151
2195
9874
1630
8181
3900
9744
7305
6698
4299
6286
3813
3727
9253
6640
8649
4790
738
5705
2042
3394
8754
3533
4601
3474
8215
4408
3830
5290
6602
1715
599
659
5638
7886
8980
5327
9835
3780
917
613
4548
4231
9266
3844
1532
8243
3034
8576
7191
8250
923
8658
2109
745
9276
3998
8355
5530
1011
3079
8769
3033
1440
6708
9037
4107
4145
1127
8603
795
2522
8949
4402
1792
5562
2965
4719
1266
6845
1742
3392
5034
474
6397
5341
1756
812
569
8947
4241
9631
2134
9624
5894
4892
6637
6600
9655
3783
7135
7047
9067
1105
1704
3596
9833
9602
5520
5684
6881
6844
2039
6541
340
9648
6888
4295
4048
7756
5115
3807
1850
1976
3240
8515
8441
628
9623
6679
397
8717
4113
4307
9645
7218
8585
845
7828
3026
1784
5693
8879
7
1636
5262
5812
9834
5024
6170
1280
9422
371
9271
2118
8013
1461
987
9570
8139
6933
39
7007
1207
8940
1262
8153
9496
8194
1996
8746
1736
3326
3634
1233
4860
8475
9572
4953
8197
3158
2518
6127
3424
6766
6972
6238
7990
6140
1098
852
7297
5382
1341
7404
3506
7874
7536
1400
9924
8777
3668
5754
1554
7706
8844
9955
5472
3790
1082
8378
79
683
1844
2402
1895
725
1870
3694
9822
5847
8918
9029
5261
5129
6974
2354
7559
1474
1361
2405
9258
7377
6831
4915
5380
9741
8794
1625
7648
5230
5419
964
7720
6216
2998
2673
5501
7781
3
9031
6731
7227
5962
8812
3054
2535
9086
8123
1179
8237
4730
2455
3653
7481
6750
3996
7379
2797
3600
77
8115
6308
8206
6864
7185
6969
8673
8333
1139
9499
4635
2960
5671
1138
6950
925
7299
4092
5427
9183
8017
5374
8216
8909
6044
1693
2921
3609
9554
9881
5439
1004
4380
3726
8756
2551
3579
9041
3169
8814
4284
8401
6785
4732
1404
9012
9815
7082
1110
8205
727
9392
4969
6507
7993
4416
8385
900
2206
6961
7066
2247
5918
8452
5099
1597
4975
2169
6665
6388
1542
5072
8370
3344
3930
4147
3838
1676
8596
8683
6131
4793
2013
3997
7578
6754
2907
2143
2946
2545
413
5632
3012
2690
4957
1216
13
4569
8990
1398
4436
1355
482
2870
7839
3362
4449
6631
7140
9819
7665
1403
4080
9063
5833
9413
5211
6013
2495
897
3290
3098
3797
9981
7392
8149
6208
6175
961
1851
2607
6227
3835
2360
3777
2506
1635
8555
1755
3499
2106
6634
7450
9339
9932
7246
9295
3428
5927
3563
6288
991
452
4151
8826
2021
3628
5906
6687
8400
2833
3457
3641
5936
2945
7390
8310
2103
9135
4023
2654
7877
1289
9021
3520
3497
2044
8755
644
7431
8507
8509
7163
735
9742
1519
3010
8561
8415
3809
2642
9155
4340
5412
755
6959
7026
5517
766
7385
6529
757
1709
1401
9781
7177
9682
6807
8052
8565
9718
9756
9538
9495
3854
5440
1198
1898
9439
6841
7252
198
3163
9331
8099
3246
5349
996
8631
8000
3208
696
8389
7169
6851
3154
7460
6906
8152
4554
5713
1931
4888
4025
9641
6982
2845
2345
2437
9255
4545
8583
174
9832
8547
3124
558
6459
8793
3962
9386
2008
40
2751
1559
2198
4455
8688
4955
5889
1164
3453
4870
4199
5487
6671
6997
6464
1700
4807
2619
7367
3782
6877
4282
7853
4496
6158
6274
7425
4354
2600
1054
9821
3507
9333
7393
4851
7638
6358
9371
6514
7849
1933
5169
2146
5113
9054
5216
5058
1384
4702
8807
100
1703
639
4958
2712
4733
3276
1968
1007
8718
646
1330
8642
625
4238
8608
8442
8634
9837
6207
4262
1313
5725
418
8195
7480
6718
3738
7685
2521
9432
4384
9562
8494
6051
8818
2916
8246
944
6119
4274
5007
7979
7289
3858
5646
139
1965
4653
1526
6834
2860
9020
9643
5942
8242
8496
701
59
4142
5711
6256
1633
4959
3410
7776
6043
5948
4573
5223
9011
7836
4899
675
734
3621
4639
3110
5691
9137
2305
4143
6333
1929
7608
5954
4161
3477
9761
4883
9827
6882
490
1228
3581
2294
6435
8414
3983
2245
449
4185
2316
2055
136
4814
2235
1527
4930
5779
682
3267
396
2177
4944
827
314
1067
9550
2755
312
9071
7166
3201
6916
568
3340
4759
5102
8601
8620
9867
7352
2056
5938
6526
6412
9548
1988
7472
7041
2340
4296
4849
6696
7772
5790
9560
3834
1435
9701
9256
3684
3775
9189
4654
6129
4418
2478
6260
1823
8816
263
9318
4220
428
3701
4629
8789
1585
3202
552
7528
1015
2766
8288
1246
765
3312
5395
1581
7094
7574
1777
6083
7107
1941
3265
1144
4803
2613
6184
6461
1511
6669
5637
566
1950
622
2117
8274
801
6867
9684
1494
8516
3766
7563
2858
9563
8331
6904
9532
9830
6318
6329
5587
3387
3769
7938
2302
5857
1209
4881
9277
1039
8081
2383
3280
6597
4268
1695
2130
4159
2662
1077
9302
544
922
3522
45
8212
67
7980
8444
5715
6367
5740
6126
7112
1339
4293
4675
2384
1680
2477
7503
7023
4532
9056
2284
6092
9565
9094
4414
1314
7248
9267
1683
8316
390
3603
5912
971
3286
6528
1186
8716
8116
3735
1827
4745
6954
3279
7847
4652
1097
334
1108
6143
6917
1424
3367
8811
8283
868
7894
29
5559
1886
4273
1049
8192
402
8150
8532
6485
6300
2603
1002
5040
8731
5590
3422
1032
5465
9895
9243
8395
6293
9237
5987
181
6660
8838
2122
619
6857
7991
4520
6513
3433
3646
1442
9313
3233
9521
1914
1563
5080
329
302
1146
8900
7827
4071
1570
7346
7620
1587
5858
4571
9160
5563
9132
3121
1744
1175
7708
2538
777
3251
7713
2096
4495
9417
9264
5574
2594
6957
353
3918
4525
4480
8267
4372
4914
764
4943
9116
5863
1689
819
9023
4734
4512
4038
5843
9427
8837
2753
4865
491
4259
6272
7815
7732
5750
109
620
5324
2278
6733
7015
4144
2543
6174
405
4655
6039
6057
1348
154
1416
2911
8093
5104
9809
9805
403
4131
352
9002
1201
3141
9671
9961
541
3352
3334
3049
705
2346
8479
4182
8868
2193
5376
3412
6595
4806
1369
4252
4840
8616
9306
4549
9462
2549
1531
8218
9025
8674
4510
7261
8742
8238
8064
4095
5045
7507
2263
5744
1992
6859
7438
2161
8987
6064
5698
2276
7694
1096
1037
6682
3292
9307
9605
2511
5239
3899
5432
3337
9642
9857
6038
4488
5145
6820
5420
6302
4920
2880
5410
5076
1945
2966
6922
4079
8815
4781
2861
5366
9117
9034
9894
1095
2168
7089
1582
4265
6986
9530
1265
2738
8676
5968
8667
6346
7444
4784
7245
3192
4286
6753
851
9024
4859
6235
6714
6694
8304
1294
4820
4075
279
5192
7145
7254
1446
5138
2388
7758
9905
9971
7655
4289
7745
1359
2181
5377
5217
5669
2963
14
6156
6040
3897
6775
6801
534
5814
4261
2598
8171
2526
6566
4602
3676
6816
8484
5903
7044
1036
4278
6953
4430
85
8886
6036
7182
9257
5763
6865
7722
9179
5359
4798
6477
3085
2933
4401
9159
6998
5306
3887
8573
3463
8416
6612
5969
2149
9228
9687
4219
6866
7652
1478
258
762
9574
2936
5050
5411
6666
9115
8033
2995
9078
3740
2116
2741
3669
1611
649
32
4328
1425
2674
8722
4681
1771
7752
219
2088
4666
8282
6894
7200
2119
912
2286
6751
8449
5838
2059
8908
3805
8929
2824
7636
7799
3973
9157
104
4467
5828
6476
2739
6542
5386
2414
4502
528
4251
7423
206
9600
4197
598
4880
1890
5810
9954
9156
7125
5131
9178
3036
8429
5272
638
5415
684
5635
2450
52
9753
7688
9849
5777
6469
9555
7670
4706
7256
3851
2227
9212
1223
7085
9692
4964
8840
6876
2541
8915
1288
4754
4857
4396
4778
8518
6251
472
7567
2847
4228
9667
1594
3917
1030
3568
3182
4501
8342
6320
2730
8800
7300
9573
9681
6181
142
5428
3816
1675
8348
376
7992
9788
5667
6408
7127
2597
582
7614
7595
2950
9103
1493
4701
3617
3936
5493
5846
4712
8447
420
6996
9087
1865
706
4764
5105
9128
8668
4440
6616
9204
4907
128
8552
5502
2720
4420
1619
7228
3329
5932
8925
422
6345
2685
7823
2733
423
6965
3867
7184
6554
3006
9053
9305
3209
4588
2706
3941
6023
5073
2364
2454
5722
5043
6229
7909
9489
4395
9354
2714
1964
9174
3226
2683
4237
2000
8292
1274
1500
9999
9766
6149
5805
850
4412
2339
2113
4442
1534
4708
9250
1872
4006
1079
6935
331
5524
7196
2086
8933
7067
7759
6565
2737
6941
5055
5287
4057
268
3954
6086
5840
2253
9534
4619
6919
4022
5504
4514
6802
9133
6106
8039
7674
1058
9093
2058
7656
7399
6724
9885
4269
6479
8894
3223
7303
1672
7060
9610
893
5519
9785
7985
5774
6939
1572
7160
3102
9346
6625
2205
9459
5090
5317
4517
7816
2525
520
5252
3480
3272
960
6901
1885
9806
4130
429
2769
7884
5689
5989
6245
6644
2632
195
5167
3664
1231
7283
73
6404
8695
5776
3566
6215
3670
4580
3878
7651
6403
6823
9627
3261
208
6848
2850
4070
3942
8259
5940
5748
150
9192
636
5808
50
9695
2078
7669
1251
6647
5208
5006
7682
512
1060
3091
3434
1062
581
5984
2937
7106
8030
1074
9040
8356
4864
1071
5414
2581
8923
1219
8983
3723
2939
2884
8950
3765
7925
4486
4646
3068
9988
4103
4160
1088
3330
2771
9158
8489
6946
5829
583
7259
4302
4331
7556
9779
2793
5098
728
3612
9089
4676
9613
4739
3708
6878
8102
5897
4485
5443
3400
3003
4679
3077
3452
6276
6784
3164
4558
2814
341
267
993
2317
8675
2957
4909
3479
4174
1697
3464
2890
4709
8334
1567
4216
5515
2670
3536
5025
3696
5665
5036
4366
3160
5620
5082
1849
5542
6261
8346
2747
6353
5902
932
1791
5633
7162
787
2770
2330
668
4933
7176
7357
7832
8725
8562
6558
556
6313
6483
4212
6351
3939
790
1465
286
2308
1245
3549
7968
8830
9735
1922
3004
424
4020
8313
3713
6707
7284
1583
3645
702
3552
5301
9492
9579
4896
5002
834
3498
5123
3359
7607
5786
1807
7934
9464
2994
2527
9676
1413
6883
2520
677
5337
9666
6746
5470
6473
7997
776
9721
6854
835
3590
8553
7319
1829
8037
3096
2107
3674
30
6327
2595
478
1437
2935
7146
1758
5783
4032
3379
5231
399
7206
2510
6564
294
5346
9783
9446
576
1666
2615
9513
7867
7964
8105
407
9396
5674
3031
8563
6925
7948
572
9454
5243
5956
5326
8832
461
9407
252
6728
4618
8462
6096
5467
804
1498
6892
7932
3282
3681
3219
6003
3308
6375
7220
6107
8928
7891
6934
1312
5212
7709
9118
8474
2721
7445
9703
5260
650
3526
6070
7133
8790
1528
8937
8935
1983
1173
5450
7291
4172
854
3758
2638
3465
1967
1250
6503
6617
381
2854
7114
4360
3145
9391
7318
5721
2996
5434
47
6932
9248
1580
2424
8884
3602
326
2362
8512
5258
7250
9901
5565
1378
6480
5236
1408
8297
9939
5926
9920
5890
7904
7939
2054
954
2352
3127
1535
3162
7232
2671
2932
8535
8207
6069
799
1858
5988
2501
9431
4757
6001
4936
7735
5568
118
3420
7937
9395
8500
4192
6693
4689
7878
4777
7408
7931
4811
2677
4609
1174
3495
6250
8223
8423
3132
1376
6077
6100
3644
5426
9892
459
8268
1154
2002
4229
3118
4678
5197
5653
6518
266
3804
3788
4263
8739
1278
673
3945
1081
1308
6879
2451
3444
6926
3455
2805
8997
9644
5762
920
2012
524
9889
1501
8766
4046
972
6349
1066
6670
1991
4967
8998
7725
4671
7052
138
6016
7513
8653
5298
7396
96
2224
8088
8546
4122
9972
1810
4661
1311
1596
454
2952
5654
4179
1460
6909
4789
4567
2432
9335
9356
8380
4707
5703
8917
3944
4516
4319
7120
8938
5908
8351
8759
9995
2849
9166
523
6993
3076
2782
690
6423
270
4954
8168
2443
8817
9986
480
6455
3430
167
8780
2240
447
2418
8369
7398
1285
7043
724
6296
1862
5052
9259
8089
1502
637
1241
9985
2821
8804
1516
3307
6676
3138
2760
5422
6709
2057
3155
9069
8269
8700
1878
1192
5729
3584
3957
5387
1083
8133
5518
1610
4367
293
2509
3415
947
5203
3095
9082
3416
8393
1871
8550
1056
1047
8344
5522
8650
4836
7316
767
1669
2051
590
3630
3221
6172
1344
1380
3156
830
5531
2389
4574
8450
8859
805
786
2404
7181
7436
2499
1135
9365
3853
2212
9497
1881
8845
4221
191
5755
6736
6337
6331
4876
9232
2743
5431
1112
3553
2777
363
4288
9914
5925
6201
8646
2800
751
9410
5877
7590
5851
8137
7159
5726
2616
9974
7171
2071
2899
2105
3109
6938
624
8266
7211
9470
4110
4610
4688
8628
6281
6511
7800
3289
4844
8042
4346
8872
9994
2249
4173
3649
4887
2381
1613
6842
1102
9917
408
6466
6048
4768
7654
6453
1605
935
3193
7115
2842
171
1857
2486
6405
7941
1743
4135
5139
8074
7475
2228
4195
7734
4615
369
9603
4680
685
8985
5153
5188
4589
4922
1902
6209
9227
6642
618
3873
179
6936
3050
1577
3475
4234
1382
6168
1785
3230
2669
1642
5084
6219
1469
1982
2646
7062
9384
3821
9469
1888
6979
1868
2299
3890
9691
921
6481
6819
7278
2208
7486
141
2586
2037
5961
7806
3925
9704
8437
5553
1691
2052
817
6776
2007
2338
5019
758
236
5464
253
2036
7498
8952
3402
4327
1546
9591
5165
1538
3275
9629
4939
9946
9519
2485
7193
3319
6427
3486
5558
6764
8906
4658
1517
5628
450
6125
1297
1181
5085
8970
9696
3964
7397
9587
6371
9107
9434
8670
1018
3729
3216
9505
3896
3633
7778
6995
3972
7435
4637
4438
149
6253
3172
9240
6189
7766
6576
8154
4522
4017
5543
4839
9062
9501
65
4469
1197
1943
7569
2427
3184
2839
5224
443
7609
3383
6806
3113
2192
1816
7313
2396
3913
5629
5642
9254
9650
3067
8021
8097
5316
1954
7132
6472
4534
3128
4772
9727
4343
8536
627
7326
9541
783
3706
2125
8198
1626
4925
6730
7092
9743
4435
289
2969
8782
4696
7335
6649
6855
4877
8362
7996
3739
9134
7623
5772
1659
8031
3024
2756
5977
9582
60
8876
9794
6441
929
8702
780
220
6622
500
1553
2809
9494
6417
1326
4533
5047
9998
2745
6330
2519
4687
5768
3928
6194
9712
6445
3524
4248
6809
2554
2881
3235
616
8611
9960
7798
5852
9841
8225
7583
5462
6310
5103
9274
1938
2561
1644
4527
6434
9279
8060
9657
6722
2006
2553
53
2926
4166
9052
7095
7421
5077
1310
3582
9660
6872
5020
2110
6584
6780
732
5784
7432
535
2643
7683
6571
3541
6026
9604
362
5488
516
6704
4194
5130
5656
4812
9347
9812
9048
9028
2218
821
6456
9640
5655
9091
3248
6487
4047
7540
6810
7251
9072
2375
3620
584
5068
7785
3744
8584
1602
6124
4128
9372
9733
8567
7003
1158
5971
1506
9265
7338
1471
6531
1806
4433
2397
7263
950
1906
6737
9593
6471
448
8720
5824
3811
8263
7777
6304
4394
7190
6266
3353
1124
6075
9653
8349
6726
6525
6701
2778
6798
9571
6315
9246
1252
748
976
7028
1772
2070
6560
7446
6220
1085
911
2788
6378
8226
6689
7290
6488
574
2233
48
9099
6142
9811
1298
4538
8957
4837
2572
2289
8734
3166
218
6136
4982
1804
602
6195
7371
4300
8943
6497
5704
9327
4600
6685
5657
2709
8023
2903
6499
2931
8045
3335
1189
7600
8982
7541
1059
5593
8874
6068
2698
10
6856
116
5859
6418
2391
7004
4651
9483
9317
1564
3832
9520
4760
1012
9868
356
7099
792
3598
9764
4041
3559
393
7957
2281
9984
3167
9290
8511
3657
8213
6033
3980
2590
5960
891
3513
1420
6793
7308
5560
2221
1016
9967
1845
24
9831
3294
775
5280
3237
2136
8582
4575
9533
7727
7738
240
7946
9245
7031
789
4505
411
5338
1362
3060
6852
4740
4125
2689
8482
6578
7547
8330
3496
736
4663
4111
5094
3820
5063
4564
3966
4511
1971
7695
2942
9705
3148
4040
8517
4932
1877
6958
1434
8051
6411
6608
1392
4586
674
8128
6786
6853
3808
8127
5627
4885
9005
91
6042
6084
5331
2623
5425
9980
21
4258
2838
7960
426
1304
7129
8230
5194
7400
1009
9456
4382
7255
667
1227
8025
4316
9043
9522
6920
5144
695
5993
7286
3671
3827
5293
6078
3569
4341
5447
7361
7744
2980
3875
2262
8750
3384
5385
4019
4718
8556
2380
2537
6536
8526
2361
8710
3140
2135
513
7002
1721
1277
8199
7986
213
5577
9749
4795
9535
318
9616
1955
8275
6171
6990
6098
1028
7603
7814
1480
9009
4664
5128
7597
5947
709
1177
6984
5899
591
1160
4279
3135
9979
2165
3798
7951
7572
902
3736
8871
1276
9688
6197
5701
4805
8614
504
7681
230
3772
2064
8173
5318
1329
5923
9201
1590
5578
6431
4083
9478
9804
8545
2285
842
4462
3812
64
2546
4448
2030
580
4465
6712
8605
8365
8619
7271
2460
1780
7942
3027
1336
9113
8
7835
7161
888
5770
7543
382
5581
9551
7186
57
1913
1688
2272
6482
4519
1685
6277
458
6811
6015
1556
3105
4937
8863
8117
9219
8747
3828
811
5541
4246
4634
5321
4863
663
970
2641
7096
1315
2370
8806
8160
5644
2844
2076
2355
4187
4137
2896
4942
254
1490
97
5963
3002
6365
6252
5148
8398
7613
7723
5949
9381
9747
2194
5483
9717
3327
3363
1147
3165
8027
5170
9368
2230
9124
3666
8954
7130
1261
9898
3781
9491
8626
5125
8560
6133
4962
4437
3273
7415
4309
5907
4562
7822
994
8652
4632
5456
2390
2387
9938
1239
3697
5353
8325
9217
2565
5708
8417
2919
7413
5898
1604
4242
2976
5631
883
2150
7833
9479
8773
25
5552
968
7490
6716
4067
9545
436
4364
2889
5986
8430
5175
8217
794
2874
5505
3771
1600
3528
3984
9288
4350
8592
1171
8364
9050
6391
8528
2406
7350
2697
5913
4376
2176
7414
4513
3409
9975
1632
9190
5
5176
6942
5630
8252
321
9754
3119
3238
6402
2081
6490
2959
6381
4744
4498
8190
3774
4250
4737
3833
3974
2093
6289
1537
1405
8887
596
8595
7875
4867
1365
4904
6550
2046
7809
2728
3692
1735
2190
7562
2637
1623
4916
3482
4788
9936
277
7551
3378
8623
2251
6217
1453
1629
4227
4337
9861
9948
3418
1658
1025
8810
4704
4660
6233
1106
3699
1706
1557
9148
8618
9169
7179
2990
9870
9035
292
8903
3151
3456
3176
9338
1379
4423
1962
8234
3512
6772
8095
8046
7249
6061
5681
9070
1208
106
9776
6582
4434
9393
5893
7050
7491
175
825
3301
1854
8660
9708
5853
5109
2765
94
2040
1560
6532
857
9913
3311
933
1606
5476
2313
375
1419
1662
5473
2452
2120
2578
4662
8169
9244
455
2886
8671
23
6912
8122
5221
3338
2017
4102
838
5438
5931
6190
2540
3254
2819
6930
700
9088
3960
8273
2456
6971
7516
1651
7512
9916
2279
8896
7157
2704
1767
9952
1070
6850
1616
4297
9818
476
8491
2514
6037
5943
3021
6944
5314
7497
4374
2550
1169
2336
1905
4507
4971
9509
8869
6540
1768
7808
2333
9300
1986
9543
1944
6498
5616
2266
8701
8358
7950
2620
4833
6527
4409
7743
5870
1867
7784
5872
247
6673
295
4747
1429
2813
6517
1264
4180
9150
6118
7566
4983
2196
5510
6130
92
3932
3872
5512
832
2089
1356
9774
1024
2019
1271
430
8317
1258
7803
190
8319
4285
6218
6024
3604
7647
4205
6561
4572
548
7302
3242
7765
10000
2734
4771
1019
1825
4008
7373
1476
3640
8303
1503
9890
8433
3909
9308
4063
2764
3377
4311
8984
2696
1225
6489
1305
3220
2853
2066
2065
9730
7868
848
6827
8763
503
1237
1892
7668
5433
546
4140
1443
1150
5751
5503
465
9506
3331
4124
2951
260
3693
8665
3257
3447
8262
8575
6516
1921
9362
8157
5801
6059
373
8613
7504
4210
7202
9740
2446
5213
704
7912
656
9791
8063
7483
9226
8913
9970
7526
692
6586
8478
186
1774
3866
2582
8347
4722
9807
5459
9291
8705
5652
3116
2444
6148
6180
1457
5979
8270
8774
2652
9782
1167
6815
9978
9475
1162
8162
507
3063
2888
3478
5122
6992
3227
3885
7330
2923
3313
3545
9186
7970
8339
3971
6863
3715
4960
8427
3471
4156
3698
7117
2876
7680
7063
7701
1805
7736
6386
7247
611
3173
2366
3761
9498
4621
6374
527
5585
5229
8100
4355
3243
1431
3349
4191
2234
5597
7625
9337
6269
6627
870
9737
6895
5615
441
6465
1979
3232
9092
2252
8221
6821
4750
1759
610
6636
7087
4365
5485
4583
9577
6773
2140
7864
515
391
8877
3429
4972
8104
5666
9420
778
2377
1612
6152
5735
3911
5360
7355
1679
4176
8927
7074
6658
7936
5245
4026
8082
2705
9556
7467
4624
2003
129
3893
2651
9472
9320
8488
2260
5533
9461
3710
8916
4091
5599
5892
3554
2812
2564
8524
5797
3108
9536
8020
6710
8222
2783
61
2748
802
2155
3874
8704
4451
3089
3825
7729
6980
108
8124
8487
2908
614
7173
4165
8579
3212
9714
2775
9418
2740
7954
8719
357
4541
2309
1422
3380
2326
5166
9261
9608
2610
6761
7046
9161
3847
8404
8912
2
953
623
2413
6280
8594
6742
2306
8557
6366
869
6005
1760
7704
2492
3213
1980
317
4158
5074
5569
5884
5091
9218
1809
6760
8418
348
9802
2423
1185
3712
2991
4415
9473
8682
1470
3970
7535
8156
425
5168
9100
5798
3949
9965
2708
7872
9504
2910
899
2214
4203
5054
5771
4247
5369
6439
9304
1960
2585
9223
9164
8885
6338
831
8513
7260
4758
3043
1794
2481
2558
5571
8436
8069
5296
4108
5952
8801
5800
3943
9477
9376
322
8413
4749
9777
8748
936
7321
8201
5714
5489
1707
5695
8497
4692
605
7945
1510
439
1099
7501
7746
3064
7344
1236
3369
2129
1168
5049
8502
3733
6940
9176
2795
3225
5970
8802
255
1286
2682
4035
7789
7382
3403
151
135
2160
7039
4703
2258
2421
8053
550
5549
9149
760
3361
1454
1515
3629
9876
3862
7537
4272
2084
1848
69
5435
4493
1656
6328
6545
1883
3975
6813
2314
5589
5323
9301
3921
8724
9180
8420
2801
6205
163
2837
2618
3888
2148
2027
2104
6756
9263
4431
5250
8693
8781
6186
3134
6598
2571
9537
9928
4913
6323
7952
9185
5405
9580
2917
3007
884
1109
5288
8422
4674
6697
4018
5126
6163
6282
1505
9862
5437
5107
4052
8410
8661
125
9945
4132
3366
7505
2787
9171
7294
2050
540
1634
3673
5736
6623
7715
6259
7871
1484
7549
6824
9711
7053
4886
7585
7037
2877
9502
9112
8956
5707
4085
2981
803
676
863
5305
1942
3491
5572
2983
1107
8151
1222
8732
4994
4921
3278
6053
63
837
1335
9238
1187
2503
519
7619
2162
647
3057
7796
6240
4753
3039
7974
1702
1136
7666
6611
5957
3136
9933
5133
1936
7850
6035
575
5891
9583
9772
2986
211
1993
3195
6074
8343
5044
1927
9726
6177
9181
6931
3929
6449
7599
7407
4015
1183
8315
6341
2848
2200
8768
7372
1141
4668
1161
9209
8757
3759
8140
2466
1947
7025
3540
8919
2735
115
1322
6778
2085
7747
3703
6451
5490
5343
4633
4783
8629
3198
9278
6553
9796
7924
1558
8056
9363
8233
7005
6114
3283
8421
3073
1561
4315
5111
1267
9298
7703
1956
1952
2188
2943
8911
6392
8472
7456
7921
427
4429
8061
7618
7844
8367
7645
8185
229
8328
5263
6614
7113
3608
6311
1961
959
3846
8698
7234
7545
1230
7021
3799
1165
2836
4009
3485
5990
7093
358
9123
865
813
9286
8412
9457
5610
6914
7627
9911
9428
3915
1137
3534
2082
249
8091
4901
3580
5561
6104
1263
3472
6661
1409
8084
1206
9215
7277
313
3876
8271
5802
7363
8891
9073
3106
5283
4727
4069
4597
3014
4417
6344
5209
4208
5662
9471
337
7767
5830
5819
4084
2220
4476
6249
3991
8893
6380
370
3667
1367
4616
7762
1466
3836
6544
7151
9051
1061
8434
4264
5831
6447
5295
6475
8530
5092
8286
6723
5514
2576
4489
5753
4424
2630
2647
6738
6242
6409
949
3570
2420
8902
9670
5919
9375
3314
2087
7601
307
273
5474
3572
3850
1778
5550
753
9236
2031
9810
1750
2985
8749
915
8589
3084
5471
8821
5580
4198
4800
4742
5268
155
7199
1917
8041
7657
8043
8184
4213
818
7922
898
5526
9672
2369
6243
4625
7452
7923
1072
2686
4276
3388
3467
7325
2904
2628
5059
5579
9299
8121
2736
9699
2277
1200
7687
2393
7604
5060
744
9669
5964
6706
2348
5677
8055
7427
9745
3610
1732
2786
7527
7672
1436
707
5999
2435
9415
9673
7628
8680
9448
648
6336
531
5882
6463
4557
6295
8379
4411
8466
3956
2999
9165
5255
1803
2315
7353
3459
6575
6244
5839
8203
8005
6297
2497
3583
7391
3525
2409
1901
8738
9877
635
3622
4856
9357
6303
2591
3841
3180
3683
1386
2487
4553
4427
4847
2091
5132
5038
5508
7116
8692
8397
943
2879
4802
4765
8689
2667
5067
4934
3153
3250
1125
4120
545
967
1377
2298
1775
1155
335
5271
3831
4062
8678
9437
7780
4361
1949
988
126
3270
6692
7787
770
9869
4218
7272
8963
6191
7741
8471
3406
7164
1153
3088
9404
1464
5663
6356
3824
3883
5679
2973
6572
7558
4086
1552
7000
9581
7851
8289
9026
2367
9233
7374
5484
3413
3995
2335
8120
4068
8849
1104
3389
5998
2580
9187
2857
8072
3245
237
288
2798
1347
6847
3386
2832
551
6116
2026
8986
8183
1966
9720
5277
5823
5373
4852
7167
87
1114
8610
7464
7958
1293
2174
6139
1182
8813
5160
6491
5982
879
2203
4118
522
4594
9283
946
4845
9036
9210
4460
3905
7124
4089
6484
3865
9083
4334
2621
1232
4736
5682
2731
6258
8062
1040
9903
5294
8176
2457
497
5486
2232
3244
3652
1213
4659
2975
8108
3912
3510
4342
2449
205
5030
80
1119
4123
2596
6869
4049
7038
7718
6470
8327
9106
3266
7962
5497
7282
3107
6563
1451
7197
343
2398
4443
8035
6963
3589
9771
8260
6896
3802
349
6393
8377
172
7362
2588
3521
4918
2579
5739
1745
3483
8375
7225
5189
793
463
8981
5716
7965
5350
7069
8287
8135
9014
2426
4077
1282
717
8723
33
6890
4853
2445
1592
4076
5003
3304
7083
3097
8977
7544
4266
7332
3347
3687
1489
1048
3070
1360
3351
4843
3551
8248
1269
7192
4363
1450
8079
5745
2372
8065
5220
4497
3274
8175
8944
4526
6332
6539
5837
7517
483
1448
5697
2182
730
2732
3937
8485
8468
4590
5980
2493
7963
1873
3354
1254
7802
2542
8439
20
3588
4945
7035
2650
3764
7064
1260
5782
2927
2029
2373
4669
4002
5645
5140
9638
6860
6861
4713
4215
9630
2695
7633
7880
2123
4347
9896
8291
3239
3794
4456
488
1764
1741
9170
5699
7696
1268
2297
1920
3691
5037
4912
982
3591
6770
1864
5164
3469
9918
9544
8006
5408
5951
2913
1080
6523
8329
9956
8860
9284
7539
7036
5159
8948
2175
6604
8651
5039
1668
3112
7111
1038
5017
3404
4731
9141
1796
2127
4506
9061
1131
9046
2015
6908
6279
1783
8833
360
7068
8525
5064
7775
9039
3990
9595
2566
3005
6246
8486
5442
272
6686
8564
9095
6829
6735
6804
3322
6794
9397
5916
5458
6221
8726
8224
3489
7336
1068
3767
5539
1193
414
6585
7771
8910
7331
4036
5529
3561
283
9225
1100
1514
494
5029
244
278
6691
3236
1031
8968
1696
7678
2645
3986
1383
351
1539
5789
5392
9251
909
1830
9732
1418
4801
9566
117
708
2244
8255
6903
2914
1719
9880
601
1586
5785
4723
8765
6019
6
225
6632
3963
395
5981
2236
5156
3045
3731
9344
729
1722
6325
768
733
4817
1211
7170
3785
8696
9775
4224
4691
1140
4566
6212
2163
2145
3749
153
2374
3364
2157
4989
8787
1513
7644
6334
3742
1518
5766
3382
5297
7564
124
4404
2153
2640
4792
5171
8125
626
5232
2941
8264
7518
8298
9409
2092
2659
8506
8703
2713
4313
119
2156
3989
8835
316
296
9207
3776
71
7646
6432
6601
4368
693
2750
6010
7860
1814
5075
5162
7769
8085
5867
5352
4446
9055
7845
6145
5640
877
4647
5749
8761
5710
1507
5455
8016
7081
2300
3879
2829
1319
3815
9142
1479
3680
261
7075
2970
509
5604
5097
9697
901
9325
3350
17
8824
6721
8805
1808
3451
99
8578
3575
4
1677
1919
5384
5720
4897
3969
5636
6875
3285
2496
471
957
890
798
4305
4106
4891
5825
5592
4109
4665
9685
7262
6664
173
3721
9287
4073
8391
2806
3763
6422
4168
2918
4607
1533
4392
7812
2415
9
5172
2327
1576
7702
364
2828
5204
1711
4320
8958
9126
2961
6943
4081
8228
6000
2866
1279
1196
5509
2955
2909
8047
8335
9315
6265
3993
9358
1975
1210
256
4458
5769
6684
4630
6749
4690
384
8059
6284
8647
1617
2678
6812
3187
6079
2680
2287
9104
9852
530
3688
4717
6382
5315
1876
6301
3857
9191
761
7869
6835
4245
1057
6410
9886
3556
2573
8995
8955
7786
7459
5495
3298
1753
6108
6031
2269
4810
7859
5528
5177
6324
8387
617
1978
4592
7971
8580
8321
8048
564
9825
8032
7550
492
6771
3935
5187
2482
4243
3253
7226
8640
6858
9403
2852
2502
5513
9047
3539
5022
1397
5523
7292
8662
4490
7866
7478
7078
134
2403
5617
7955
1646
3309
9765
8932
7519
3689
3414
6893
2967
997
2665
8655
7693
8158
8978
6951
919
6606
2187
5061
8499
9044
2684
5796
161
2679
1217
741
1055
4779
5178
502
4385
691
3926
6496
3877
5273
7105
749
7726
9927
8591
7268
1645
4559
5389
6783
8587
8809
2022
2074
3228
8828
6462
466
8679
4463
5065
7270
8669
6007
2237
7976
2742
9282
7861
7622
7155
1300
2138
6748
6169
4226
1053
1842
4577
7230
6774
1253
7882
7469
3501
3756
2570
4407
7457
4603
6002
7700
2609
1022
9400
2158
7983
3601
6755
162
9455
7205
3317
1615
2467
2885
3745
5792
2023
4751
5299
2254
5108
9460
9768
2268
7760
4682
7296
6777
8639
415
202
3523
5311
8825
5173
4596
7749
6681
5582
9715
3587
9066
4146
1249
5573
5087
1046
5237
9569
1717
6551
4277
3636
7587
487
5546
8458
2207
4304
2139
3979
7304
1598
6800
4829
1317
3922
9388
4608
7630
7927
9102
2257
6713
8788
7189
6579
4923
4834
5032
9138
7006
7842
9097
5444
785
4298
6372
102
965
5228
5270
1166
5322
8858
6759
7640
4716
4196
3303
7863
6643
7917
5264
281
9677
8307
4104
3818
4141
9323
7575
7240
8847
3953
4951
2334
8791
5417
6923
9693
4752
5567
2099
1752
2184
8007
2382
9991
7560
5551
1591
303
6046
2867
571
9197
9503
2063
7470
9763
182
8778
4612
3356
4101
4386
9512
9598
6593
4027
6762
6340
7273
7473
68
9194
7509
1120
9275
3894
5861
8210
7012
5643
1817
5607
7454
2311
9700
9334
7429
7534
9319
3839
2329
207
8730
6797
9906
3411
3519
1472
8857
464
2754
9780
3295
9524
8753
392
1574
654
9904
718
6615
1142
9767
3632
7017
8050
9820
6506
6952
5778
7461
4547
9597
4991
681
8229
367
2344
7051
9370
7605
1720
2215
5206
9842
7906
2727
6173
1296
7458
2319
2394
3961
5507
2556
7080
1969
4447
7710
5069
2395
6973
8936
5605
1687
586
3504
7496
3762
9018
2303
5921
7589
7434
1086
2716
1203
8645
6151
6384
1770
2577
7502
1388
3637
4370
6406
6515
3310
6428
5576
2491
105
689
1091
9211
9826
6492
43
9840
2789
2101
2475
2625
772
9639
1122
8299
1129
4094
4827
9621
4031
442
3032
906
7596
1562
3439
4457
1284
315
339
7712
7852
7405
4058
962
1899
6429
1800
629
4947
8539
3662
6444
9203
7788
7755
5759
9139
3065
6121
4010
1123
4149
529
6987
2767
5244
4832
8729
5227
4117
5083
6828
7538
1287
1987
7903
3823
630
3214
3419
4096
5910
1094
4700
1449
1407
8521
3296
9270
9873
4743
5134
5328
2471
7187
4481
1710
6825
4441
6234
3426
231
406
2243
9511
4568
5191
6448
1000
7739
3778
8648
276
3852
4230
7615
1694
1798
7013
6874
9633
389
3891
1999
8457
3262
7953
9438
8744
3268
6414
6638
7675
1765
9064
7360
113
7641
9792
5334
5143
2974
9977
3009
6668
9057
8901
3709
2925
4673
2794
5634
5967
8438
8527
6994
5780
1121
7008
1423
3648
8621
3722
9188
8109
8167
7794
3907
9426
355
5743
9964
5494
7829
4614
1366
9268
5046
2559
3205
5791
2171
7805
8245
2025
8302
2757
694
5557
7914
8736
9096
7707
3923
1202
6509
6652
9390
1907
417
6999
7275
9993
2217
927
9514
8428
5966
2692
5198
2167
5548
2295
2151
9694
6768
8469
3178
6132
7079
8165
5876
1017
7213
1620
5041
2843
1801
8465
4561
7401
7101
3224
1839
6781
9675
3229
4487
5000
8196
8803
5724
588
2231
3137
5190
9329
3487
828
6948
1799
5702
1648
5266
6508
7846
4640
8057
5141
4848
6659
9690
1411
6663
3147
8941
6228
6113
3320
9803
3437
8326
176
4444
1148
6468
8113
8141
3217
6907
1184
8019
3255
1444
1090
8256
5066
5787
2898
4705
2131
2412
1729
8770
9402
1819
9586
9467
6167
9618
6199
7804
8279
1152
4591
8360
1647
5202
7203
1797
9799
7090
9310
720
5308
4235
5200
6587
5358
6157
6187
7380
1458
3863
7819
2079
4581
615
4329
4815
1399
4903
421
6739
130
4053
5042
8453
8854
3792
6703
3730
6981
5199
6239
8711
5624
9508
7366
101
1670
4464
7740
9942
2241
4963
1143
3597
6915
1467
36
9260
875
5915
7010
6014
4454
7194
5614
9289
8073
703
1974
8907
1650
4728
723
9934
5289
2552
1665
1396
2892
1218
7916
1248
9120
6081
2225
7617
2484
4838
8721
4453
5460
2905
1790
1427
4291
608
438
1130
7664
2636
2575
5827
9342
6241
7204
5856
98
3952
4178
6501
6224
5146
5706
7237
6493
7301
4941
3258
7699
9006
6032
1536
5390
6071
8163
1468
3099
8542
1337
9340
6769
7029
7897
8897
9935
7110
9828
9900
810
8182
6591
3324
8878
8873
5088
1763
221
956
4895
3179
4425
8155
1641
756
7533
8464
2940
7108
6700
8345
5106
4656
3784
3868
4162
570
8014
6630
5976
5983
3557
9656
4670
2114
4924
1026
365
9017
6720
3291
8332
2830
6027
3849
6910
6206
2144
1021
4405
8309
3450
3624
1989
4209
2004
5718
6312
6799
62
1406
8280
1575
6989
7042
1928
3341
3333
3678
4275
8394
9719
7975
6628
6182
4560
6590
4207
1172
5994
4014
259
7267
8493
9996
8337
5304
1859
9004
1599
5623
631
3892
4729
5309
7994
301
5303
2392
6348
346
4357
3959
9013
3577
4377
1373
5871
3585
3370
9552
6162
6650
9324
4521
8028
8111
4606
404
9421
2090
3755
3779
4835
8776
344
2275
7795
6262
8636
3093
2024
6270
3747
1257
8214
72
4189
8200
2041
44
6838
9387
7065
652
2529
6298
1826
4648
9848
8501
2204
4902
5672
8354
7138
5525
3051
400
5746
5835
3884
4986
5820
2077
9674
1525
966
8795
4604
456
188
4854
4003
5687
8572
6818
4627
6976
4170
7525
327
9016
2075
6729
6273
4584
9787
7244
5600
4472
297
6573
4906
6583
1358
75
9343
6962
7981
7209
1353
4898
6568
1923
2668
6478
2018
7022
4949
5357
6099
5878
5300
6091
8004
9957
9452
3117
2494
5249
3028
6436
8454
4950
6050
7797
3565
8831
5281
6128
3753
2569
9000
8600
121
4432
7016
6556
9527
3395
2796
9738
6788
3346
2121
3768
5013
7606
4552
862
8853
8694
4858
9636
9486
1103
7818
5996
2489
5775
2997
9778
1332
2034
42
8254
4686
9280
7511
3992
579
7341
3348
2711
7730
6060
8569
1001
4257
9589
6929
816
517
6791
8036
3215
4997
2517
8974
473
7671
1433
928
9490
4631
9847
2371
9451
4657
4874
4115
2141
347
2634
1118
2617
9801
5661
4471
7307
1718
379
4791
7557
743
4841
4978
1256
5355
2988
7219
9220
306
1852
324
1832
3438
9480
905
7086
2799
4537
6030
7890
754
9433
3396
1363
3101
880
2189
9030
5594
2274
9943
4693
4050
8880
1699
3517
5180
3908
7156
8403
2790
9493
9884
9659
1113
5612
223
3530
740
1295
1432
8324
4133
4988
201
2256
9559
9757
8202
2831
1618
1686
180
3994
1609
1652
1739
3197
7419
2763
8179
4804
3658
5588
434
9878
8632
2048
1698
2562
1093
1530
8606
3059
3183
90
2282
2436
651
7030
6830
6873
1029
5215
7378
9921
3677
2820
8314
2248
2658
8483
6871
5354
1660
9377
4335
4770
8875
7770
2989
992
8953
6396
8654
9926
2376
2897
2608
5626
3133
5965
2631
6255
1307
2033
4622
1903
7807
9311
2627
7422
8904
5887
7902
5235
8989
6977
8505
7315
8523
2488
3791
969
2197
5154
6138
9725
2949
3786
5975
8077
5598
8772
7430
8247
1684
514
8425
6884
8992
6521
2977
8784
841
8446
2746
5446
1302
8359
2693
4952
5278
3302
9262
2097
1325
1549
3869
460
9951
3567
2401
1188
7388
7632
6633
8624
1836
4714
3080
7061
2350
2622
1887
120
1714
6056
5538
3940
6991
4064
2464
5292
462
6164
9416
2954
6662
6460
7522
6949
4318
7873
3470
3654
5536
2434
8295
5101
9855
168
2014
5535
8635
1328
9853
1364
2324
2724
1595
3576
3044
4763
6674
7019
2516
731
2250
8239
4515
1205
3072
6054
4984
2863
4928
3751
2505
9281
9273
7568
3440
840
7287
4626
2629
1990
7342
2759
2304
2807
9866
8265
8290
7972
9515
1238
2928
8829
3144
9912
8054
1078
8353
3819
9625
4910
8003
3543
8495
7172
9542
942
7768
3001
9615
7896
4908
829
7356
9649
5436
3445
938
948
1766
107
7333
3544
446
3231
9249
641
5185
6900
9923
9654
8296
6886
7944
4542
4065
5033
2971
7045
9758
820
3318
7049
6891
2587
9129
6966
34
6837
6264
5506
4290
5364
7764
1111
6185
8001
8882
908
3837
4866
7020
2710
5924
2080
6317
287
746
8571
2882
4828
3284
3931
5399
6254
843
1221
1402
3826
9294
1338
9612
4990
2468
6454
7119
5534
9713
719
224
3902
4249
8531
385
8373
5319
3293
2749
5868
4938
4375
526
7329
2280
5997
3675
4024
4711
1894
632
3728
822
8714
6362
8988
2073
6407
8253
8558
3458
7337
15
1726
6512
7900
6292
7966
721
807
6457
9184
3741
7911
9871
361
9429
6159
8424
3702
8867
2094
7901
9162
2310
3910
7073
3531
5937
9518
1485
336
1391
7288
70
194
5556
3170
4492
3342
4466
4695
4683
4563
9224
6924
308
3259
9710
1853
5445
2906
2049
8976
6538
1571
41
1473
8834
5330
6690
7824
4799
8883
4879
7813
1812
7152
2718
2337
9326
8103
8685
9902
3146
8942
2691
2726
2855
6085
9369
7402
5375
7032
3417
8760
5247
4292
3592
7122
4889
7514
2098
4369
7783
6519
4406
1861
7201
5100
5799
5719
3053
9510
6028
3686
5680
5332
7714
1041
1116
1661
9373
4715
4303
975
3186
896
4667
1566
54
3754
7216
3806
1663
6176
5606
1178
8598
872
4543
2534
3407
7642
3462
8808
4979
2893
9958
5340
9068
8086
4351
3760
2191
2982
8368
7774
210
9845
148
4684
1117
3978
5096
4373
3934
7773
680
9382
6359
4782
3951
924
8044
9959
9230
3247
559
2267
7349
833
3177
5601
8070
916
826
4551
1283
378
9931
1723
7754
2238
4894
9668
2462
1215
9953
1579
2378
2544
8143
6134
5078
3037
2416
5368
4794
5742
8797
8451
7417
539
7565
143
8352
5709
4846
9850
7624
7998
2332
3638
7207
7978
8641
8656
9817
7183
4878
2987
6530
1
9076
8892
3627
4383
7059
5279
774
5398
2567
5922
468
6213
3615
3555
4321
1789
1357
8096
6101
5809
800
3019
6416
9836
432
212
3432
1682
6624
4217
6494
9143
2840
4349
7143
3150
660
9769
8612
1918
9987
8898
6711
9361
6500
7449
664
7100
9131
5816
9108
7967
6833
1607
3859
3946
1229
7913
5953
9241
3661
839
1541
7885
5865
3505
3695
183
4233
7317
9098
910
4378
3016
5233
4059
2183
1761
9609
5210
377
1856
7153
5114
4066
2878
2431
7677
8733
7588
110
7659
6846
5688
7928
698
9349
9575
5692
8622
5752
8510
9059
3149
8392
9856
9487
7334
2411
3737
5855
3656
1243
7383
1734
1820
3882
8191
3427
6688
9540
5817
3714
4016
7858
7322
4171
6141
4546
7386
7661
160
4359
5647
8388
3578
2461
8075
5911
5449
8320
6787
2011
2264
2851
913
5246
7482
7529
8272
3305
6547
152
889
8459
6161
248
4190
374
9383
5930
2524
6486
1176
2185
722
2947
6574
1156
7634
2124
3152
3623
4389
4965
3719
557
1977
4332
2523
9341
3000
333
5342
7631
4005
6567
4873
5866
6022
5388
665
2293
4699
3436
9353
6112
3822
2363
3094
797
7137
5795
1818
7856
8180
6626
7532
2920
2606
8543
6109
9626
5257
8338
5516
4767
5310
7312
1320
7439
8076
4593
74
8490
5756
5005
2259
9193
2557
6913
5848
4539
7103
7581
8101
1244
2020
4410
6757
2164
9476
394
3538
3448
5880
16
5583
3234
6779
1776
5466
7635
5182
246
8308
554
9163
8227
3618
7188
634
4030
7222
9445
7071
5312
2186
5900
6763
5613
7910
4136
8796
5773
3720
6232
1932
5035
9854
9221
4773
4256
9872
6089
1855
687
4400
8895
7737
1994
2815
5804
3639
5849
2779
387
8959
2038
9622
2639
999
9214
1544
9364
5320
9590
6361
3750
8709
8538
6546
7999
7420
2291
3938
9125
4477
2513
8604
2864
4605
4362
5430
5179
1627
6937
1426
1628
6607
4214
8306
7109
8220
6097
6342
6063
2209
6192
269
4326
5081
8463
5564
3368
6115
1351
3390
2515
1779
7531
8599
2069
8049
103
7347
4129
2379
7855
5498
593
1727
4029
8276
88
9485
4042
9231
9435
7561
7499
3122
1462
9482
595
1828
169
1134
4746
37
9234
1601
5864
9412
8534
8402
4855
3281
7055
8993
1194
6287
9355
8799
1523
8078
5733
2604
565
3460
6094
9424
3336
952
4796
2166
4582
9678
8843
7698
6017
6752
3987
7724
5933
9736
1491
5181
6326
7011
9239
2133
2463
8914
6446
7136
6437
2273
2676
5110
7686
8431
6383
2924
5344
4034
9762
6767
8301
6641
419
7285
2312
9425
3047
8399
6887
5862
4150
9863
4184
688
7358
144
9907
2530
9389
6247
510
1275
3449
6897
7593
3468
3143
204
3848
7920
9637
9526
7224
1415
2323
4468
5023
4987
7956
1003
1963
7424
3904
5057
2440
27
8390
7907
8568
5844
4419
867
6322
2993
8476
5673
3157
380
6285
1190
8786
5021
1224
8232
9079
338
2664
739
7489
6955
3466
4973
31
3484
6782
8548
5448
4239
8644
4697
7821
5356
6226
5959
291
8148
4638
1151
8114
1346
9379
412
4001
5451
2979
907
1746
7571
2592
5214
3381
9882
9408
6364
1027
9596
5686
6898
4483
8967
9793
1483
1035
9606
493
6004
4186
8855
3372
8551
8257
983
1447
6603
4504
5895
6135
4503
9196
2512
8792
6122
9090
8374
257
3651
4391
3659
2288
672
5248
9547
2178
9773
1787
3716
5888
4345
1463
7253
4842
7411
3927
8588
7731
1235
5121
7239
986
8926
234
3130
3870
8187
4381
9405
5367
8419
146
8890
8481
7915
2827
5584
3682
6052
469
1637
2785
9032
2028
6196
2773
8924
2152
6150
226
7088
2202
918
5945
3752
9795
8864
3707
671
2343
6120
3100
3895
9205
2307
1128
4475
7552
451
1631
2938
9746
4830
7602
5596
5241
2400
643
2772
3690
1925
6117
132
4617
8514
2823
9724
4152
265
209
2612
1838
8581
4508
711
5854
4721
874
4393
6467
7750
7592
8281
127
7178
1259
2574
7494
4398
8951
6029
1387
5480
6796
7929
9130
2825
1911
7524
3916
1835
7323
8092
6335
6011
9947
8112
6843
2802
4491
4645
328
6065
995
5149
325
1730
1573
8144
1065
940
9716
640
4452
7241
9019
416
3889
84
9858
7841
8186
3017
7279
5457
2548
3787
5874
4555
2442
4643
6419
1089
7515
9635
2762
1874
383
3503
9922
3663
7324
7492
6758
645
5351
5639
6021
2657
199
499
7387
578
5492
8574
8382
5416
4720
76
1701
4148
7757
6147
7495
56
5712
4088
440
2930
3958
6599
6452
342
8009
9729
9760
9647
4011
6705
752
781
1008
5285
3171
3373
941
8686
3948
222
6062
3509
8294
7546
6537
1180
2871
6093
2531
3514
5901
6153
5690
4470
1795
5008
2229
6653
7233
2895
2922
7339
2792
885
8767
6438
1520
8312
131
6200
4927
1880
5944
6319
5406
4999
8775
4322
8659
2147
7369
3103
8235
1578
4929
5010
679
2633
1290
5717
5201
